476
21602
29942
30588
17046
37090
34877
29465
35019
31258
39928
37104
39611
19077
24843
26739
10190
18090
16869
19868
29972
28402
26070
31228
35793
38321
28718
23447
24165
14586
12265
37869
20518
34516
32247
31667
23582
31769
20719
13595
38806
30424
31520
12877
12870
16479
15112
35776
36458
16413
11399
13231
27246
21898
31647
15059
34927
35923
13545
27279
17408
27533
35294
15790
25969
35288
18306
13688
28537
35632
11158
38354
36244
22944
19871
17952
33281
21710
23286
20896
27896
14332
33215
26408
21319
30243
10737
20841
19934
37206
39571
39308
20703
17286
11231
38654
19067
33416
12602
22821
31251
10398
34143
39178
28238
15937
13816
14171
34317
31435
31178
15557
35325
22900
27945
33880
23282
20028
11554
24057
36102
10398
22665
31018
35027
28808
35905
35537
30421
24631
11168
29302
27974
28285
38251
10199
37154
15837
14938
39441
38910
28001
12481
14277
11295
30907
31765
16513
26205
11658
27437
25741
21190
14889
39035
36426
36197
26773
16423
15241
19231
12167
15316
26212
30345
36104
38961
19037
25196
12549
19182
16918
10077
25723
20539
32435
25962
23372
24365
20073
15847
15062
30289
19499
17042
24173
30513
34509
11688
14954
36943
11005
28773
17516
36768
37013
11682
13584
36876
16515
23331
27451
18070
13437
30437
19870
35993
34821
27385
12666
13633
31448
27635
38415
36592
37072
17241
25959
17714
21040
33381
37429
32008
26514
22595
36348
11969
17602
27377
14042
21557
21706
35236
31829
26995
18830
30509
11018
35715
18239
22345
38968
37778
11198
31506
14393
22244
27798
19900
33932
31419
11137
40000
19092
39845
20312
20021
22309
12271
29865
13096
11753
28394
11790
31584
35689
15500
10030
28984
22050
39123
21287
22653
37876
27617
17710
23537
15216
36259
26532
25244
29792
35865
38555
13253
14958
12162
32107
39022
21317
33776
23619
15168
21481
31576
37163
27793
37375
13719
12683
29331
18979
10302
33621
30986
14216
29808
17805
20863
37859
15193
36951
10664
27291
18930
11637
28678
36763
18958
35902
23350
35157
34765
30385
17534
11062
34178
25410
34410
19563
38495
14968
36569
38490
22467
13711
16539
34283
33335
15972
18069
22837
12977
11318
38401
25204
23832
22484
10397
20777
13891
20059
16205
11868
26846
29899
22716
13234
13402
22806
33195
31605
21871
36897
36737
32780
22876
31604
11992
15777
29235
12348
31116
23861
31561
25216
18077
36123
18320
35147
10708
11898
30583
11594
15746
37183
10819
17478
14036
11418
39322
35092
39861
24685
19184
17888
35214
11827
28480
39448
26411
23792
19868
19065
18084
30428
38916
37406
16933
11468
21120
13693
20538
20162
24359
29644
12522
14083
14104
12504
30389
30371
25483
26209
13586
11256
34243
10577
16178
10327
32913
12674
13788
31383
35372
23189
16657
14969
36476
12257
38768
23888
28614
33856
29419
31746
11430
12604
36177
28798
27409
33379
12118
30436
12478
38669
32321
29134
28188
31580
39468
38650
37919
21992
16681
26239
31383
19618
36542
23548
10593
23955
18505
19877
27444
17666
22122
