-34721
-29889
61974
-79185
43616
26516
71879
-71845
67591
-15287
-56041
-42863
-2928
2928
-64706
63303
-39713
3831
-3831
-5016
-15959
25922
-81756
8698
-8698
70494
5970
-81642
23814
18008
-8522
8522
76884
-79451
4805
-4805
78947
-67979
78281
-7279
7279
96415
-4820
4820
9110
-29611
-8137
8137
-54948
-11367
-39026
-50777
-55068
-91959
-3927
3927
24823
93517
-4950
4950
78274
1431
-72167
-334
334
28608
-4899
4899
76001
-86082
41524
9558
-9558
-47815
1496
-1496
19636
-83532
13332
-5287
5287
-32931
81274
557
-557
17597
-53861
-2314
2314
75514
81179
34751
22220
46078
-5087
5087
49272
-14705
-16065
-57571
36580
63831
9823
-9823
86938
94580
25923
-32797
-49363
-80493
-44319
8687
-8687
73934
44185
3345
-3345
-58622
-2151
2151
80017
-452
452
80169
-80946
-83152
-76475
-52080
3428
-3428
-16939
-85416
26990
57020
-4132
76890
-52805
-40890
76002
42934
52332
-74130
-9714
9714
-63398
24764
-48991
-94143
71873
-3197
28489
-74865
56724
-56170
-4471
77555
14231
60073
30425
-25138
-49921
-41913
-2626
2626
-8438
-354
-40297
-2086
-51149
-66248
15044
-55456
9173
-9173
27693
53910
10244
-84052
58391
-11105
-7821
92427
-47119
265
-265
-93655
3112
-3112
-16496
-89711
-65067
-7003
7003
86374
59827
7577
71420
-3625
93938
-93367
4114
-4114
-48255
-6523
6523
63098
-11905
-27030
-55958
2904
99834
-10175
94817
-30417
-58230
-44984
85319
-2594
2594
-32459
-64983
2140
-2140
68792
-56435
34290
-6200
6200
64297
-36122
-93645
48567
3470
-3470
19416
98289
-92675
-27428
-1576
1576
-414
-65861
22812
86799
3686
-3686
-91099
58245
7021
-7021
-8977
-9169
9169
-30974
-6157
6157
63810
3020
-3020
-3443
-74289
3934
-3934
-71838
-95282
-66066
-9153
9153
-69862
58246
-46149
27818
-50296
-20326
10808
74820
31346
-64053
-5031
5031
-37546
21613
69222
-34386
79228
-2149
2149
64866
-38463
43970
49881
-8872
8872
92745
-8554
8554
76470
-67546
4639
9946
2541
-2541
43093
-13051
-1958
1958
34575
-85924
-61504
80289
-11937
4494
-4494
78604
-9040
9040
31454
-2713
10344
-35045
30953
4731
-4731
-40948
-71035
59822
-40363
8473
-8473
-65447
6579
-6579
-70513
-74018
31255
-71579
47398
-75717
1076
-1076
-73718
-97909
-2347
2347
53295
71113
-17413
49072
25067
33590
87720
-3240
3240
56698
82353
21011
-48796
10821
-2101
2101
-61166
-81643
6487
42786
-6127
35168
5181
-5181
82968
66844
73006
-82237
19053
-10910
25006
1805
-1805
5215
9951
41931
-59475
5063
-1222
1222
-56259
-70640
9325
2123
13735
86185
51
-51
-21282
-54417
99863
23821
-98651
54528
-4222
4222
-13042
55204
4073
-4073
-29330
-39923
46124
-11047
832
3944
-3032
3032
91151
21978
70263
6892
1710
-9338
59394
69405
-46241
2600
-2600
38861
86488
-23454
15884
-53673
-26375
1143
-1143
60817
-41944
17743
-12808
1192
-42864
-70873
-83292
80483
13128
87408
-54446
24982
15397
73687
-70535
50974
-36824
-89012
35304
-84528
-9234
9234
13746
-54113
-13791
-69424
-52970
99272
46202
29677
8804
-8804
-29594
-9345
9345
-84478
-2791
2791
-37342
38162
-73527
88843
46668
-85419
-25237
-90675
47568
9714
-9714
-67119
-40073
-51542
1626
-1626
57942
-37924
35354
-36884
-77121
62975
-33493
-46195
-94375
60358
38153
56606
5988
-5988
-21462
21067
-3898
3898
-4374
10233
47611
-90136
-4405
4405
41961
34554
86354
66014
-10551
3381
-3381
63839
-964
964
70306
-7451
7451
-68900
-8823
7488
-7488
-68325
-7121
7121
-88655
-4016
4016
1128
84418
-18984
-78188
7951
18086
-19704
672
58766
-99587
-52340
-23515
-81349
-71068
-17931
-25878
-87296
59663
-1181
12495
-938
51115
53746
78986
79678
6858
-6858
19418
34010
42174
-49701
6127
-6127
-13521
1942
-1942
505
-37649
-12095
-20417
95241
22310
25979
72306
38929
87418
59620
-1769
1769
72705
83153
62073
2595
63563
2672
-2672
-74633
5512
-5512
36449
-6019
-55762
-57784
1702
32140
-56763
-8733
50636
-4267
4267
92390
1058
-1058
-24945
36540
28951
-23225
-49579
39153
-80860
37106
77398
-82552
47691
59336
-38587
64557
-57780
13174
6820
65156
-75530
-6732
6732
-47393
8289
-8289
-66746
43820
-9957
9957
76436
-90517
-58240
76144
-75011
-4052
4052
-24550
-15534
16895
78449
-38757
-6814
11080
-77741
86096
5923
-5923
-28754
-1913
1913
-90844
-25726
-26904
-78549
-45182
50105
-38721
-1063
1063
-54933
4385
-11814
-7116
7116
-72427
-35542
-14037
-2669
2669
-93838
-7567
7567
2316
72666
87417
21194
62349
60819
-82308
-49037
-94469
-78881
-71034
-90963
2923
-2923
-39905
76730
-34324
-11541
4456
-4456
-47280
-97312
-31750
41875
21964
43505
-48173
2767
-2767
58311
-58503
-2458
2458
-61098
-58606
-96729
3720
-3720
17451
-68309
9109
-9109
91973
71209
-69797
963
-963
-21334
-97774
-35122
-5436
-6522
6522
61406
-913
913
-36866
75323
46476
-21925
67286
-55167
-98313
87119
8746
-8746
-65133
55258
-3584
3584
-30279
-29012
-11153
-7910
7910
-9972
-96877
91621
32807
-37248
94794
-36219
-33237
-26306
-83680
-28903
-24642
21811
-84673
27958
-8918
8918
-57638
81044
20108
1895
-1895
11561
-99693
40248
-81462
8521
-69872
43552
41821
65920
42376
-6868
6868
-93437
11451
-4007
4007
82687
71626
48478
46412
-72577
73811
1308
-1308
-10964
78774
66043
-674
674
-85329
-81546
-398
398
-24944
30784
2162
-2162
-97185
58781
8234
-8234
47957
34837
26324
23644
-49553
-13783
3525
-3525
53086
66396
-9796
9796
-43345
-65486
90918
-82322
-17062
5752
59331
-14617
-95586
-3082
3082
-50237
-7784
7784
-69203
-76394
1735
-1735
-89360
-25188
62530
-4251
4251
7415
37530
91562
-48751
73694
1711
-1711
-18449
-41753
-18620
-27574
-26473
2709
-2709
85750
442
-442
-52367
-70425
-87799
-34027
-48620
61565
47952
-46154
18630
7553
-7553
-37847
-50330
-409
44635
-31816
3409
40793
14663
-2618
2618
93056
-37271
-81877
32037
-30150
8805
-8805
96492
42924
37905
4362
-33453
-38106
62655
-85977
-3436
-88132
89605
-7215
9839
-9839
19797
-1916
1916
10841
-94794
-38376
7604
-7604
36133
70398
2992
-2992
15744
55554
79486
3487
-3487
-85167
21080
5764
-5764
-81797
-84899
-14528
89766
-16873
-55799
-21473
-78916
-14126
-69331
-64881
-60763
43756
30023
-11934
31043
27216
14277
-99021
77530
-27322
98506
-94500
197
-90691
-55215
-74931
37195
16701
-42741
-66703
-711
711
97740
-24113
52410
7581
29223
-1346
8136
-50694
50950
68147
6972
-6972
-11972
-86083
84762
69272
-15046
-8211
8211
90552
-98246
79150
557
-557
7778
-86509
-71764
7467
19062
3190
-3190
-23917
-40855
-24712
53893
18675
209
62041
41451
-83968
-13147
57183
-70929
-6089
6089
15287
-3858
3858
-68362
49429
16011
73213
90651
-4720
4720
-94270
40056
4720
-4720
16627
-8372
8372
29386
-9346
9346
42344
52297
-97573
15519
40731
35427
17020
-4145
4145
66649
-93491
-55784
-68571
-85153
-50623
71779
66492
-2171
-8940
37512
5157
-5157
-6345
60680
-3731
3731
-83053
-33187
-70821
-8996
8996
-33715
-12983
-2506
2506
-60273
223
-57650
9899
-23824
35601
24384
-8059
8059
-25349
-98772
57064
327
93661
-7460
-73382
975
45399
-57152
60509
73839
2054
29827
87926
76945
40021
-99350
-11747
13749
-27255
33677
-67050
1980
-1980
-35651
18114
-4979
4979
5976
32349
-20565
-36345
-5755
43600
-40566
2569
-2569
3754
38730
-6648
-76749
48317
60
-60
-6163
2254
-2254
14403
-64605
78090
-15292
-67921
-9152
38193
195
-195
-76333
8270
82900
4864
-4864
87403
95069
99913
52641
-29114
-59321
-35881
83209
93609
89531
-38594
82582
-4052
-1305
1305
14448
-94068
-47504
-52335
-38942
-4549
4549
-78815
57578
35077
-1990
1990
60209
-3654
3654
-8128
-21132
54861
-46050
823
-823
-23798
89875
67753
4025
-4025
75064
29184
46177
-90566
5904
-5904
-29765
-7240
7240
-51229
5749
-38540
-9842
9842
-80528
-58995
-13699
19480
83137
55069
-85942
-21340
85371
-58739
5350
-5350
-10057
-22035
79408
11748
-39063
8924
-2478
2478
87900
4510
64534
51763
56733
10993
-4803
-86857
-42343
-49444
83943
-189
189
-98999
-4333
4333
-56684
-97646
4801
-93613
56836
-39036
-38022
-68294
86907
-4908
4908
-92921
-5794
5794
-90886
11139
4726
-4726
92618
91055
-43280
-84136
-5676
5676
-20643
-32802
-91648
98032
-74449
4185
-4185
66369
44489
-16941
1585
-76932
87743
59880
83253
58854
17774
54712
-72241
-82771
6001
-6001
-46918
61592
-62923
47404
-87140
56375
-38083
62455
-99940
76380
6725
-6725
26631
-46865
-11011
68265
14847
3438
-7913
7913
-79911
14909
-90418
-21248
-55937
-73821
85624
8293
-8293
-99808
-357
357
57433
5593
-15676
-84088
-17764
-20502
-95275
5339
63622
17072
2538
67577
20618
-90406
-35110
-77845
-79343
-4610
-76416
28914
91166
-88769
-93337
22613
-11431
2138
-2138
-57999
71762
-40972
-7151
70852
-40332
-43514
20067
4758
-4758
94447
-71686
-42458
-77181
7232
-7232
37941
-65045
10385
-93877
29702
37998
2371
-2371
6455
-36741
-8198
8198
13055
45032
72761
-47037
1388
58959
26705
9209
-9209
-66506
63566
97285
-91446
10964
12622
87164
-88583
85116
66999
99064
9153
-96365
-6066
70329
-75410
-23189
-52510
-81318
-95814
47721
-10842
88087
34587
-326
326
-12096
-49319
-89372
2952
-477
81033
-3774
3774
-78865
22816
36533
-43699
-9078
9078
-44165
16463
-15171
-8097
8097
2784
39741
64100
51176
-38312
93834
19506
-90848
-62882
-3522
3522
-94362
69960
-92698
19616
96489
-8446
-80209
52683
-84657
7305
-7305
93609
-3082
83818
14517
5845
-5845
75568
-1732
1732
-70157
54645
63436
12323
85633
97111
20576
49366
2186
-2186
-24463
-95778
83864
-18199
18798
6122
-6122
-36937
6533
-6533
42880
-65393
3860
-3860
-94419
-89426
57369
-62853
-3277
3277
52626
-37195
56425
-86960
-8920
-7459
55717
-18924
-82081
83569
6498
-6498
76068
-263
-82920
-72437
2217
-2217
-94456
49762
79509
-935
935
95322
-49842
8726
-8726
-59828
-76043
75433
67947
-44011
17082
89739
4551
-4551
75415
-73751
83610
-47625
-60489
-86358
55594
-7354
86731
60964
-33408
95954
-99042
-5865
5865
-43907
1028
95430
25907
-7130
7130
5107
89344
33577
73800
-15416
-34331
19674
67160
-64403
41776
-4659
4659
49030
357
-357
8264
15833
-10927
-4725
4725
43684
57426
-9365
9365
-3317
41050
-86542
20635
-44392
96928
78097
3533
-3533
-93482
4317
-4317
35331
-6960
67412
87592
-90446
77954
-1789
-5546
5546
19068
60584
-58890
-63230
-31884
99675
-60140
5375
-5375
-48465
87485
45614
-84347
436
4920
-4920
31481
59163
31946
98764
52933
72144
6388
-6388
54250
55381
45687
17472
-94385
-85832
12790
-65519
6194
-6194
29353
86173
1936
-60719
-354
354
-3803
-68287
-81749
1221
-45373
-9639
9639
92099
82014
-47393
-16122
-60792
22475
13710
-1802
1802
18351
91889
53625
98652
14474
-98719
61478
-3463
3463
-19710
-23381
34340
7481
-7481
69945
6592
81866
2640
-2640
44650
79067
-22243
63284
31252
-19480
40572
-32833
65296
11726
-27101
65177
4481
-19162
4901
-4901
20464
13049
64559
-3432
92506
50017
-4190
4190
64355
-87939
-11764
-69981
64314
-36377
-8750
8750
78264
91426
-34637
-8300
17125
73186
80901
95074
52818
-37880
5050
-5050
8382
28495
-92905
-80851
64719
99216
-26659
61994
-1572
1572
-57277
33633
-9864
9864
-98518
-964
8996
-8996
-39669
41074
34554
5558
-5558
-45150
80699
22001
-38811
50905
-67977
57654
18755
-58583
-72984
5009
-5009
-95342
79763
-5834
-7912
7912
31290
61005
-116
116
-25265
-18312
-98258
-61057
-45659
-30291
7134
-7134
10083
91661
-54128
3207
-3207
33122
-9539
53001
-6093
6093
787
78376
-18364
1514
59368
15577
-2791
2791
5487
-32499
38553
-3883
378
-378
40095
-25495
-55803
64309
43728
548
9864
-1476
-2604
2604
93796
42316
806
-806
-56122
-22055
-8899
8899
46546
-9135
9135
20381
57197
-630
630
94336
-1490
1490
89574
-60406
94724
37122
-89164
13391
-80791
94062
-664
664
-42846
40172
39956
90600
-5224
5224
-96489
44802
63459
50223
-89314
12927
-42173
23555
9878
-9878
714
7469
-7469
-13539
-7747
7747
56179
88889
-28633
24427
-31539
15623
33787
-16636
-40959
35700
-53071
1614
25304
-2213
2213
42497
-72005
73351
78891
56718
26562
-57158
-9627
9627
-70832
35938
-6500
83608
-91921
83850
-11533
-18026
8488
-8488
-74602
-44345
-45234
-7693
-671
671
-75551
87645
6256
-6256
49105
-15086
-37750
6104
-6104
4090
-45610
82289
3570
-3570
-63854
-29045
-78333
3838
-2632
2632
-69052
-75958
92343
6540
7644
-7644
956
-9523
20826
-2077
-40664
36791
3358
99207
-18360
75498
-83766
20949
72329
55966
86428
13077
-17806
-3758
3758
-49354
99345
-59941
-63097
-56087
-5931
5268
-5268
-41046
1035
-1035
717
-35748
-70200
-82796
-94629
53758
-21340
-44412
83674
-206
206
36513
8888
-8888
33771
93250
84618
-95315
-71458
40261
29086
-3420
-51256
-62331
-80219
61648
-99667
-9491
9491
37837
37213
86803
-22272
-5788
5788
-63632
-99181
81827
-33178
-26549
-1110
-95932
-69685
-80805
-57232
55365
-27850
54618
-74016
97215
3636
-3636
-40917
-32150
6782
-80290
30203
-73
73
44115
62373
-1312
1312
52393
-5285
5285
-61370
1854
-24077
6226
-90987
-4777
4777
-18751
-92323
7914
50752
-52572
-8298
98676
375
-375
-77860
7981
-2611
2611
-18066
-10949
6308
-8655
87758
36719
38201
-79668
64722
49022
7749
-7749
65549
-17471
76188
-94931
85099
19133
-8086
8086
-28437
-82583
-29565
-1340
1340
-76612
54590
-85109
66906
37340
2768
-2768
53300
59932
-1211
1211
68213
-752
68704
75943
94688
12109
7194
-96516
-8650
17231
-20516
-16403
5313
-5313
-80611
9202
87922
54203
-81764
82986
97032
22361
-89913
70082
49914
-18929
-25973
2891
-2891
76200
-68991
80328
5605
-5605
-37838
-84293
90757
67802
44159
-79016
19815
-90477
28670
-18673
-2079
2079
-82920
63805
89154
9208
76551
44256
58327
-31494
4723
-4723
-11772
-1625
1625
-53411
-8463
8463
-27408
-8358
8358
34341
69734
21795
-7516
14628
-64377
-56455
6707
-6707
-17106
-69443
-32435
34959
-12850
16695
81480
-82862
38068
-2159
2159
-98222
47836
4488
-4488
-17783
3459
-3459
6163
59331
-28397
-44250
-7505
7505
61978
74575
-8415
8415
-19237
27342
27918
-93472
-30059
2202
-2202
-65823
88161
-9925
9925
-24942
14675
2037
-82951
83739
-6104
6104
64120
82857
39033
81722
7683
-7683
-29518
11526
60089
28985
-75890
-8854
8854
-54595
-38125
49581
87276
-52652
-68877
1962
28050
33586
62024
-85494
80053
-38399
89027
5809
-91788
-25233
-90982
4343
-4343
58170
25080
38642
40387
80853
83086
-39657
99958
-34314
-24425
96282
26987
56799
-3187
3187
-75801
-1511
1511
81750
-42873
87910
-6293
6293
-23458
66560
-70356
-4216
92928
-71770
-6084
19765
-9421
9421
-45816
-27179
28498
-14407
27940
-48666
15723
-71765
-90339
20059
-11072
-4149
4149
31475
-29317
43209
58739
87976
21322
2583
-2583
-60718
-73334
91845
1715
-1715
-8928
18758
52370
83649
-34490
-2133
-8820
8820
81556
-66089
-4307
4307
70071
-84109
78867
40273
47812
-46312
-43238
-301
301
-53031
2905
31589
6962
-6962
-51534
51512
5796
11324
-24052
-59320
42495
-80320
26024
-2128
81747
-49497
39059
7450
38520
32471
4984
78446
-5793
5793
-20132
3406
-3406
-54571
17980
-70433
-34146
64113
-85993
48109
-3821
3821
-72855
5969
-5969
-240
-9447
-97492
37491
-86776
-35819
-8746
8746
76820
52463
-16710
9461
-9461
-55725
-56918
-4155
4155
1917
-57880
20624
-13567
9762
-9762
-76921
70033
37496
9714
-9714
74
58006
83535
-78573
-4099
4099
82799
-37291
-11652
-93667
-43151
3552
-3552
23717
-51780
6895
-6895
-79909
-50909
-99632
-43866
-2901
2901
-78294
4935
96596
60406
-38746
-2603
2603
-63100
-78963
-64680
93080
85130
15744
8560
-7620
7620
66366
-83314
65912
83659
21119
-64880
-7224
-2611
2611
54292
24050
57899
9708
-9708
53686
-8858
8858
26081
58783
-6003
6003
-55542
65742
-76614
-86968
-6877
6877
12270
-39819
84767
-4663
9075
-94215
7419
-7419
53389
-59276
8626
-8626
88291
-58851
-7605
7605
-85583
4699
5430
61298
6145
2912
-2912
-53445
27877
-22265
-9879
9879
13526
71461
41752
-3870
96468
19607
5646
-5646
-43085
79255
-38614
86870
-6506
4866
-4866
84083
80120
46077
-8156
8156
47499
9778
-9778
80834
7788
-7788
-32551
80813
88106
-71116
27084
-94956
44899
33916
53916
81228
6181
-6181
62694
91540
-9063
9063
-92661
-45656
25690
40677
77586
-6482
-91005
-8513
8513
68894
71413
-78868
-627
-92352
24142
-99054
-76725
-73891
18232
98454
-25275
-7244
50628
87793
76114
66884
25931
97762
24372
-41996
70462
4563
3477
-3477
-56170
-82955
54658
7326
-7326
-24074
31203
3313
66817
12182
55579
33380
5968
-5968
13842
-64590
65638
3459
-3459
-81259
31093
-73452
-29057
-2118
-94549
83185
-388
-78750
-3739
3739
-86314
-95615
-82376
-92771
-3494
3494
49747
73907
48388
34729
-45296
42176
14335
81110
-1830
1830
-44201
50981
-86645
95951
39811
-5906
5906
-7940
46746
47430
-8860
8860
-47791
27054
-8682
8682
32208
62804
9222
-31872
70493
-51489
94475
-60088
47010
11902
-75489
-19998
89929
98902
-73134
-66353
37727
49009
-66326
-11813
-38768
46558
-25641
47
-47
81586
-15711
37243
8316
9815
-9815
-77959
97122
-25390
9882
-9882
-91146
40700
-77637
-63121
51662
28467
6842
-6842
31733
-24648
-43193
-17551
12235
-53293
-11746
32595
-83638
-76578
21914
-87534
-49232
92190
-82465
79668
-44451
-30069
67419
2004
-2004
-33032
-53328
-90248
49579
71875
-62767
-63383
-5865
-27864
-97572
71757
29471
92238
-87221
-2321
-634
634
21484
-80947
-37049
-39224
-23173
-93172
-24087
39727
21885
20669
-84108
-295
295
-1945
39485
-4749
4749
77328
-65275
-61152
-60328
97928
85966
-24759
-91720
-35687
-67509
45112
27779
-91590
-70473
71977
5797
-5797
-71588
43680
-80401
-45184
65722
-9378
-19398
80950
36631
-1227
1227
-8108
-75961
-69402
61044
-93772
39940
92609
4184
-4184
-970
-386
386
-11715
7608
-15359
-295
295
-43020
3178
-3178
32385
19363
8912
-8912
13302
6212
-6212
24115
15100
8160
-69460
-58255
-8382
-67679
-8175
51153
-90509
-69868
53951
6096
-6096
-31788
2001
-2001
-49641
69727
-29641
-6275
6275
-39767
46703
-45717
24231
3909
-3909
1434
9973
-9973
95187
10871
1627
-1627
111
-74863
-21464
-934
63775
18455
11447
-30346
-39464
-4931
4931
-76565
40123
61166
4506
-4506
-34024
-79516
66397
-3767
3767
-96455
-69827
39531
-26175
13639
-89249
-73600
29109
-32830
80638
-96825
-39127
-97663
23027
15009
54308
21604
23169
1746
37829
-55343
18032
13409
16348
44032
-37026
8141
-8141
-14329
-99884
86655
63186
5430
-5430
-32037
-11163
64479
36000
28023
87129
410
-32720
40672
4967
24660
-980
980
29743
3347
-3347
-85743
-2272
2272
75294
-3171
3171
77319
-41406
-4180
4180
8915
35085
-1365
80381
-64512
-96698
98288
40039
-8527
8527
6546
-1749
1749
16739
-78570
-65354
11395
88918
50183
74551
-31146
-46090
-58188
58853
9843
-9843
-68700
11989
-22117
67531
7832
-7832
-39625
30923
-48044
-75173
5774
-5774
53769
-52501
66624
19382
55805
-73934
-10199
46125
-3406
2513
-2513
81836
72691
17507
25009
49209
-6781
6781
37732
-65342
99040
-62345
45922
-8423
8423
5923
-61481
60445
1920
-5129
5129
88681
69849
11130
88217
34869
67079
-81759
-66145
-49596
-57929
-30156
-49845
-43199
-7781
7781
-8784
58570
-63020
-22515
85509
80510
-50813
3195
-3195
-76443
-56599
-66336
60079
-82327
25602
7303
-7303
35338
-18627
9605
-97148
60073
3626
89051
-77745
-90393
71351
6218
49697
66491
63874
-59610
14391
50026
95547
5777
-5777
81742
-87577
-1875
1875
3239
85712
10494
-39121
1513
-1513
-57428
-6066
-96483
69471
29601
10250
-3093
3093
-57225
49828
-18712
93387
63751
5734
-5734
-8162
11136
8878
-8878
59872
-4748
4748
-45932
51974
3916
-6611
6611
-7188
78245
-49348
2061
-2061
98036
56372
76762
1944
-1944
32322
-38956
-98807
3679
-3679
39938
95453
65431
15783
-82528
-85084
-94564
57215
-89853
5282
-5282
13292
60346
-87446
5076
-5076
-67880
-23680
-36042
53659
91538
-38786
-81725
84865
-1525
1525
-73843
-46616
9336
4213
-4213
23359
-6464
6464
-7615
55889
23931
63916
10633
57395
-12230
-25763
5293
-5293
73384
-39733
78989
27063
-58829
-16515
4371
-4371
-91161
31883
-19213
-33174
-77910
96666
7352
-7352
47412
33563
-70927
54167
-49314
-75453
-87432
-7032
7032
-52306
681
-681
7537
-89635
-4268
46821
-91268
1524
-1524
57424
-2938
2938
-88762
-13649
-97803
-81185
31717
-5035
5035
71876
-29297
9459
-9459
34334
-87820
-3899
-3732
3732
-77924
71369
45852
37032
-44799
-7925
7925
-57993
54044
77682
31570
44264
-4936
4936
-45115
6850
-6850
-85355
-87252
69823
36671
32243
9404
-9404
-84653
71348
41902
-35026
-87977
37482
30016
-611
611
-66910
-65503
-71990
12993
1481
-1481
43994
-68485
31598
-46161
47594
29346
237
-237
87749
-4515
4515
19662
99471
-77215
79196
-27671
-64975
8553
-8553
-14649
-41743
38735
-88774
7428
-55775
-72828
-55035
-93462
7345
-7345
-25136
-86166
-8865
8865
66299
907
-907
-14693
-2514
2514
76107
3056
-3056
49905
-5489
5489
-33557
9371
-9371
4683
-62480
-7964
7964
-6211
57040
-73873
-2246
2246
-79567
99897
-48213
27790
-50466
39692
-6343
6343
-84576
60106
4961
28112
2941
-2941
16639
46346
1032
2463
-38498
-92243
84532
98040
-18551
-75900
41178
42860
18614
31658
-53962
-77966
-26194
22738
-30270
-16070
84451
2043
-2043
-30293
-6044
6044
4382
2124
-70798
14178
48534
-1815
1815
73972
59524
52360
-99431
53678
-2950
2950
39798
4061
-4061
47025
63922
3632
-3632
370
-12601
2362
98418
52700
15721
-7449
-56659
33995
-21363
-4344
4344
38718
-79352
26718
-14599
83657
83914
-35222
-12240
-20116
36079
-305
8691
-8691
-74640
27469
8635
24129
-8632
8632
-94263
-3128
3128
20540
64567
5331
-5331
-11531
-22267
2849
-2849
1948
-41647
-3673
3673
29376
58526
-84940
1503
27742
12806
-37739
44217
11075
62987
-81344
47190
7145
-7145
9175
-36288
-17731
35310
-8146
8146
23190
-8082
32147
21502
4801
-1027
1027
-18755
-61556
63067
-42434
-457
457
-10347
-93189
-71108
-80604
-67918
-74213
-2325
30650
-67872
36325
5454
-5454
24702
-88815
-1458
-25942
-68147
-20831
31919
87367
-90607
56334
-23890
8055
-8055
-7843
-6450
6450
30589
8517
-8517
-21679
-45153
8829
-25736
-3510
3510
-63751
-80689
-68487
6811
25331
27421
76704
-46555
-47171
32318
-3167
3167
84878
1817
-1817
-71734
-58766
96433
-370
1785
-25242
54
-54
18237
78202
-96184
5897
-5897
-6134
-81639
6954
-6954
-26178
-46065
-44415
-44961
-98939
7778
81019
94242
-88720
63295
-89853
-95913
15907
79450
-55811
-65885
-82507
27522
35405
-4128
-38907
956
-956
34991
19693
-9380
45225
-43682
48065
12657
-13300
-3442
-90553
-7289
15717
-13530
44578
11272
-59842
2484
-2484
-6922
86281
1635
-1635
75231
-89420
15971
22967
91746
50353
-59243
2824
-4274
4274
68898
-55
-7812
7812
99443
18172
-7877
-8362
8362
-3974
24683
63869
-7538
7538
97792
38628
-28000
-89939
38706
-15285
-3206
60558
-51174
2483
55343
-61634
-3719
-67447
-18341
-13
13
-50301
-6747
6747
30405
89798
10603
86194
35470
39132
69790
-1081
1081
-83946
97243
5137
-5137
90570
78545
-46916
86369
-40432
-21683
-78395
70953
-6939
6939
87964
-6057
6057
53707
29319
-65804
-34687
-120
120
-20888
-37467
67234
-95246
-81200
-15963
27219
27666
-26359
-67116
-1615
1615
-42882
42232
-57584
87931
-66927
-79106
27848
-97856
-2226
17042
3875
-83816
-2336
-15571
42874
22665
51378
-28631
-35369
-4393
4393
85616
25847
11706
24832
-8995
8995
-76700
28729
85513
-71067
4630
-4630
64934
-20026
-15304
57094
-32601
87781
-22278
-21236
-44872
25838
-42667
-3651
3651
-10177
-8652
-5051
6410
-6410
-75669
45269
-24245
45286
80510
-55443
44737
7669
13663
7525
-14435
26023
-77645
84088
52551
-4633
4633
-88724
-95707
41592
-6449
6449
21917
39876
23338
38331
-63922
2172
-2172
24911
82683
47126
59462
-4558
33289
81371
-6490
6490
83726
45531
58655
-43554
2266
54456
63582
-69896
32822
-14515
-5701
-92619
-6643
6643
58656
26128
-43053
72063
-70313
4968
-4968
596
64861
-95877
-3965
3965
24892
-43584
5758
63269
-23824
-39
39
-88089
2535
-2535
-1679
-98377
-53732
34903
-1498
1498
-9225
85605
-9320
51611
-17830
46734
-8781
29807
-19489
75340
61042
75523
-9876
9876
-62534
34841
-12975
-39684
-21662
3210
-26360
80715
-6675
6675
9213
-11273
86401
58441
6775
-6775
-77969
-3323
3323
86691
-75077
-9413
9413
4813
-91195
27420
-87190
-44260
-84777
-5467
-6352
6352
-3601
-751
360
69766
-28650
-99837
9806
-9806
-31302
73554
-71068
-69005
-93505
12785
33352
-41401
-73986
49246
-5464
5464
-25226
31528
-6178
6178
21771
-54346
8634
-61210
26941
-26911
6969
-6969
-22038
70241
-3905
2182
-6169
6169
-47043
40773
-31124
22906
-6295
6295
-85500
71724
-90326
14782
-59771
-36984
8854
-38956
-91438
-86499
102
-102
83011
-50562
58243
74068
-2762
2762
-66007
53363
5894
-5894
-43801
-56990
-95040
-98869
-13593
-21380
5212
-5212
63576
93090
36052
61880
-1592
-94925
45774
-52935
-49230
-70882
51754
-2472
2472
-34484
32613
-99408
3634
-3634
90845
-11720
5704
-5704
54617
-47087
-52951
-61841
68770
-5506
98460
-36298
39449
-2009
2009
7677
35624
82036
-45842
-9445
9445
63598
9909
-1920
1920
-83653
98177
25101
-62540
-15131
78462
-5170
-66840
19462
2968
-2968
5501
17345
917
-917
-41774
88174
-62094
22786
2937
-2937
24406
-7708
7708
36537
17152
-76342
-72084
-96738
679
-679
-86863
-37735
-1564
1564
12912
96571
-67076
-10749
87342
-36335
-1561
1561
-31767
41857
-16800
14485
-6161
6161
-6507
93524
48569
4894
-4894
24811
55722
45590
-77441
73306
9839
-9839
15767
71672
97270
1381
-1381
-76841
-8855
8855
-26884
69442
19943
8333
-8333
71173
-65531
88528
-75606
-66007
95405
-21210
8969
-8969
-7370
-86713
-3104
-37934
-1174
1174
-41255
-95838
47668
-81079
8090
-8090
40941
32499
191
80533
-36880
10204
-12142
29228
-60236
-91824
3375
-3375
-12914
25415
-2923
2923
71102
64132
-3782
3782
17517
-18318
39522
-62519
-5184
5184
54470
78725
3850
-3850
4527
-98220
86529
23612
-71805
91466
65304
6688
-6688
-19533
-31208
-86792
-371
1493
-960
960
61014
48461
72787
1652
7420
-79494
-33651
47617
-57557
66003
9031
2593
-2593
14065
62225
-74839
16585
86347
-69605
-7043
7043
-3585
27688
89256
90966
-4998
4998
9019
-4209
4209
78939
-3494
87181
-29293
18827
55765
-5133
5722
-5722
-17832
9183
-9183
12503
-82148
63122
-40484
-75379
-33172
26653
-21543
-14050
-92303
-59043
69766
75924
76019
48979
-93654
97038
14289
-6320
6320
-70000
58387
76398
4328
-4328
54819
91210
88616
-22393
72118
-56567
20360
9631
-9631
69562
68182
4529
-4529
-83997
24823
3569
-3569
-31633
-64577
-2262
2262
-87592
6975
9132
-3350
3350
45098
47936
72012
55192
45779
-25002
34768
92829
13400
-38747
57210
-31845
61344
28434
45699
-33781
33824
-95805
5008
-5008
51009
-35175
-60642
2470
-2470
56493
-51817
-64706
48475
46195
-4323
4323
-41123
2399
-2399
-61084
48544
-4238
4238
14575
-5629
5629
-32722
22565
-14596
72990
66095
18692
12669
-82971
-1194
1194
-97666
8407
-73048
8439
-8439
42791
-79170
91653
60120
-49733
75937
-89776
38772
43277
-15681
93052
99690
67735
84745
84560
-97134
-53975
-54149
-46075
62325
-2362
2362
42560
-72598
16585
-19661
32939
31163
46631
-84207
-57480
-48814
-13703
-62985
-93277
-1964
1964
79133
-70081
-19237
83214
-62405
-28047
-87323
67650
-61583
-50981
-28678
80242
-92076
27103
-9278
36719
52419
-42940
-6158
6158
97939
12293
43719
-30203
825
-825
-54442
37445
-15765
70331
14598
-29126
-65364
3956
-3956
8526
61317
-25775
5188
-79628
-17044
88159
75756
58528
47119
-40378
40333
-35654
-62677
-2881
2881
-38510
58479
63171
-20061
-60529
-3978
-51461
-73726
-86696
-2911
2911
-49454
-59900
-37741
33267
9398
-43198
-4350
4350
37681
-68621
2408
87490
96298
-88929
54326
-24651
32734
-71532
-49249
97841
-49400
39484
-52984
41433
-648
648
61921
3680
-3680
49702
-55504
-40070
-2855
2855
-75927
-901
901
-5633
-84975
-52880
-61424
-17465
-81985
7483
-7483
-26423
12224
3462
-59795
2879
-2879
-40167
63601
45544
13956
17648
-57616
-7057
7057
55655
9427
-9427
-99107
34397
-84351
-27705
-9729
9729
98419
-3062
3062
29435
-31467
-93404
70220
-26262
-88301
-40839
75207
84618
3048
-3048
-90913
89733
3915
-109
109
-6178
-37087
57523
91500
-88301
44269
-34862
-50369
-3508
3508
81932
76140
-1242
1242
-13003
43256
73085
-54416
22052
97096
-90481
-90423
-23367
3058
-3058
38709
-47575
14796
-62865
-23097
7005
-7005
-53261
-70257
1629
-1629
63223
-1651
1651
-50038
66849
60986
-41976
-69997
-30162
25042
72641
53166
-98070
4491
-4491
-53334
-5725
-3157
3157
33419
-65850
-19098
-22657
-92175
-93599
-55032
53916
379
-379
4110
-51800
65171
-41976
-75601
-96546
69243
-2243
2243
-81460
55869
58159
8687
-8687
-57487
47725
83174
4675
-4675
73838
27882
-272
272
-23221
-8168
8168
-47435
19317
-29184
33178
-45804
78035
77793
71826
-15808
-7744
42451
-78575
85887
-45910
5154
4747
16559
-88757
35428
4320
43406
40746
-2334
2334
10443
88834
21155
2469
-3890
3890
509
-13042
-50355
-27604
39990
53497
-164
3776
-3776
-21534
-19540
30999
11738
-29488
20747
-91130
64421
-3661
3661
36427
9032
20349
-59039
458
71097
-713
713
7719
24118
32275
-60454
-70922
-8872
-94081
65530
97401
-83379
5223
-5223
-95060
-94915
73517
-90193
-13226
8095
-8095
-24483
77961
80160
-54130
5289
-5289
80733
-559
559
90705
64989
-22861
8874
-8874
-93792
-52933
-69723
9132
-22891
29356
3539
-3539
21396
26190
-22259
19456
28867
-72114
66219
-4916
4916
-32223
50591
29263
-95092
-86800
3551
-3551
92354
613
-613
-46448
63449
-55793
2329
-2329
82560
-7793
7793
-91792
91342
-49870
-71519
-98521
-72244
99482
-84474
-39761
-37360
9313
37257
-63134
31739
21929
-76806
-40133
78940
18291
-83320
-7196
7196
68120
-56352
95363
21635
-2078
2078
2403
63830
76780
58592
-9611
9611
-834
29524
-13687
-30058
-17840
-5612
5612
43887
96485
-19120
-90462
-79777
-31321
-2892
2892
78862
2124
36007
44183
-5755
5755
97720
-48531
44539
91030
-39681
-69102
17361
93094
-3024
3024
-19046
-20216
-54763
4341
-4341
-59505
4855
-4855
-22023
-35668
-1117
1117
2145
82729
1432
-1432
44818
-90608
97195
-45151
-53882
53957
-27807
-27687
-32924
-19649
64250
110
-110
-98006
15746
83472
6514
-6514
-44786
26252
2750
-2750
7757
6870
192
36235
10303
-7307
-3641
3641
-81291
28725
64192
2176
-2176
-38318
93957
-47009
-19209
9892
-9892
25826
58973
445
-445
64845
-43784
42359
-94854
-11966
24021
-2225
83194
-70490
-52431
-9875
9875
18935
7018
-7018
13206
-68198
31666
28216
46715
35939
-18155
33910
-41624
-98237
-10251
-65215
-72470
-58343
18973
95310
-9122
9122
84330
29767
-7020
7020
-66746
-2350
2350
-47223
-63679
45512
70666
-36179
-22783
22767
-31281
-2584
1474
-1474
-98958
5809
-5809
50913
72595
36617
-51474
-1679
30889
-67923
-26566
-22679
-98311
663
7065
-7065
-48501
45153
6412
-29391
14861
7155
10669
-53386
70047
34496
-2964
2964
-62408
-50948
19278
-46776
-46108
-63880
52637
-17486
88646
-11902
-3603
3603
-26320
99745
-10414
89889
-59126
-41
39151
68382
95084
-60362
-66463
-13373
79524
31686
-62209
-31912
-96460
-35648
99748
7994
-7994
-28434
-47363
39147
282
-282
-48288
-29473
-39364
-3275
3275
-876
-76048
-37382
-55594
-32720
-2513
2513
-10435
-25922
419
8436
-8436
-79561
26009
2962
-2962
57863
-278
278
-61841
-16506
-90978
-70510
5695
-5695
-30656
40886
-7571
7571
-10195
-34497
81763
-67458
73363
72791
-67367
4941
-4941
-14298
10094
1010
-1010
72173
52806
78973
57557
-18026
65104
-5567
-86419
99240
84125
-34020
52619
43906
2052
-2052
-55868
-12764
95632
-36652
-92717
1877
-1877
59837
-45101
78326
-3276
13049
24370
56187
62653
-28861
50164
-60077
70792
-2046
2046
-47078
66595
-1604
1604
32539
1390
43323
-7434
7434
-77406
81072
62507
8667
-8667
51961
-60580
54888
-6789
6789
-67998
-2960
2960
-74571
91477
3009
-3009
21228
8968
-8968
31145
-8020
75153
-5040
5040
7277
-25736
9095
-9095
78931
-86914
-70
70
-26565
-26343
85887
-80712
-8744
8744
-69915
5790
54255
-60302
-98805
11599
-7348
7348
72624
26767
-47598
20571
-45863
-49532
79918
-4016
4016
-28931
-13736
27211
-4808
4808
-26900
-88164
26056
-733
733
-65085
-7753
7753
-56305
-7565
7565
53190
8400
-8400
-64540
50923
15862
75074
-1089
1089
39924
-10337
8411
-8411
83185
-1734
1734
53227
96315
55830
-8590
8590
-2370
77337
-32214
-72058
95563
-36205
-9951
9951
54701
-7399
7399
12618
99834
46725
-23507
22484
-89229
4267
-4267
42654
41888
34014
7079
-7079
-83636
27915
87748
-84227
-17525
48678
-79936
-94935
93077
50978
-1176
1176
67929
72133
-44736
-85608
33316
-4880
4880
49792
20685
9726
21828
-6176
6176
-70615
-75726
60234
-6656
-98299
-6141
-37498
-8854
8854
-50485
-7989
-5628
67507
38440
3134
-5718
5718
8193
2971
-2971
-98848
11951
8579
-8579
54135
5926
-5926
78190
8909
-8909
-60359
-27032
-10952
6575
-6575
47789
44822
48029
91466
-2445
2445
98589
87691
29337
-83215
96612
-19690
-87861
7470
-7470
-97448
84230
6622
-44837
-1281
1281
74244
62527
-87138
42862
87948
-1830
1830
-31499
50742
-9575
9575
83144
-5049
5049
-65126
-7546
-14765
-73030
20128
-16337
6688
-6688
27811
9716
-9716
85954
14247
71769
-1111
1111
-72337
15010
91792
-37521
37143
13562
55446
8350
-16676
-13503
2825
-84968
95682
-76107
-5103
53460
-18775
-5800
5800
37901
-7326
7326
-95087
-10573
-46967
-15615
-73098
-75886
7286
-7286
-29769
24147
-1480
1480
98355
61865
8623
-18174
-1158
1158
-95055
-20443
1392
89587
48750
44744
56594
76302
40463
8370
-8370
-28803
7549
-7549
-92761
-59971
-54532
-43985
-4346
4346
-13146
-72332
82222
-46148
31062
14365
94981
4961
-4961
97119
1202
-1202
7771
33429
-80611
-41678
-8383
8383
-642
-87090
66391
94529
71778
54284
-80892
27422
-51005
-55203
58382
-67947
-45325
64127
3369
59500
10976
-63579
-75739
52081
-28746
1042
-1042
-47908
-1847
1847
8621
42011
-41733
58383
-94876
-87821
80508
-71078
95876
20001
58404
51026
3713
-55788
2544
-6978
6978
26990
-26810
26819
60590
-72032
12137
99710
2890
-2890
62532
4812
48286
-1822
1822
-30652
-80376
63401
-52694
-60071
-7408
-15041
34220
-51532
-72445
81827
-15743
4244
-4244
-31125
18299
-1108
33595
2614
-2614
51677
39424
34311
-55414
1393
-1393
49993
-91679
32777
-97961
61044
73525
-89583
-7311
7311
95856
38312
11037
-83681
90676
8527
-8527
-15717
4643
-4643
81154
-37721
68211
-38432
-53563
-92496
-4432
59246
-19917
75291
77591
74139
-64484
93555
99132
45624
-37457
45212
6461
-6461
69574
-92218
26936
-18991
67962
-90415
-30034
-28197
-6171
71359
75359
98653
28761
-4393
-11274
7251
-7251
-48617
-960
960
88719
20904
-49013
85220
1423
-1423
-74985
-95974
-99624
51155
77081
5968
-5968
13747
-4689
4689
4314
-19596
-9010
9010
23778
6208
-42561
6031
92643
-37418
56989
-99813
-95661
-72362
-47200
29533
38109
65171
8306
-78097
73088
16040
98727
-55796
94767
19816
25067
-8587
8587
-46067
-6998
6998
-46775
-3894
3894
-92325
41331
78553
14802
75949
68940
99728
-47985
49441
-20094
76502
-1122
1122
37999
-73830
70314
88987
15526
35627
-37429
-69709
31874
87849
-38703
99450
52856
-94823
-96003
35757
-29120
73323
-22849
884
-884
-62067
-38087
-7634
7634
-2546
-18718
16030
-64995
-77626
25492
2054
-2054
-12086
-52104
78608
64217
-82585
-29113
-18704
94977
-3503
3503
-22756
26276
60950
11384
-48086
13323
-53124
-48829
-9000
9000
-96467
-33757
9456
-7390
7390
51503
33397
5633
-49839
-9400
9400
-63584
92224
36200
-46331
-99117
-29960
-90770
-15017
-9229
9229
1889
35648
7541
-7541
27143
-91227
-97001
-1326
1876
-1876
93958
-6295
6295
-33106
7964
43356
7738
-7738
-9607
-2887
2887
-29472
77135
-1539
1539
-72060
-81998
-99423
-37174
6289
-6289
85438
1502
-6316
6316
-60738
-43173
2648
-2648
17431
-71366
17442
20798
6554
-6554
-39043
91681
88323
771
-771
77712
23992
27550
3845
-3845
92345
68970
-35939
-80615
3655
-3655
10021
-13296
-14060
-38216
40965
-90078
-8820
8820
62783
-88760
-41501
70006
47192
-65168
8862
-8862
39481
-91222
27615
65688
-558
-94270
-5780
5780
70749
-72291
-50792
-63121
2264
-25873
15539
-7590
7590
41818
37177
3285
-3285
55215
-58622
-6660
6660
89070
3342
4698
-6815
6815
-36568
48138
-16396
91552
6970
70590
-87463
-2561
2561
-43611
92100
-82321
45526
2339
-2339
-79129
-41293
-84155
-96751
80473
-84232
-28507
-33354
5333
-5333
-13102
3437
-94046
19517
-49575
236
-236
65735
-77333
-98149
-70303
-45225
-83471
-8737
8737
37350
-68109
9661
-9661
-16081
-67109
-46631
-8434
8434
46852
46447
-3481
-33455
-64696
83012
-8137
8137
23624
74803
-63217
-64505
31524
-76192
-32381
-9411
9411
-62620
-71372
36196
-74497
86727
67341
-6749
6749
-51277
-8597
8597
-14817
62785
-85313
-13560
-69629
-15776
50806
-2281
2281
-21431
31915
26973
-52883
-72782
26
-26
-35270
91050
-71483
-9636
-48136
-49484
-90093
84560
-2481
2481
-72388
-52768
1118
-1118
-4270
37788
-30564
83661
-6418
6418
41790
-73987
9119
-4643
4643
-12374
-70675
15620
-50219
5682
-5686
5686
44742
-48061
-90894
-56295
10370
-63766
23152
52890
51554
6402
-6402
-282
1804
-1804
-55605
-78495
60803
52188
48039
-31422
95192
-25289
-55335
-43247
41786
636
-636
46386
-93001
-33519
7193
-7193
-77375
51633
-2548
-75510
-93908
554
-554
-66662
-47785
346
-346
98605
-3006
3006
-17916
9383
-9383
-49207
-94625
-9307
9307
-22512
49137
95367
51199
-13824
56134
-23027
56464
1565
-1565
9502
-16652
-6559
6559
-31908
-1580
-41414
-3780
3780
-88439
20610
6143
-6143
26589
-9442
9442
-50413
-27939
-67477
88431
74665
48447
-1583
-25852
161
-161
92981
-4448
4448
14063
-54547
52971
69458
-21601
16544
87183
4543
-4543
-13587
-8638
90818
-6284
-55719
-15894
83089
424
-424
36655
7869
-7869
-26519
-1996
1996
43151
17443
4293
29309
-44090
-8306
8306
-32237
-8966
8966
26575
62238
52487
-38393
-3597
3597
95046
20814
-5319
5319
89637
-16044
94142
31685
71561
-13269
196
24282
67092
-84234
51363
37900
-48
-9990
1818
4923
-4923
22815
96374
-26388
-76145
97398
6352
-6352
7804
-67893
65689
-14124
51808
-7190
-11675
95405
42170
58012
44708
1061
-7334
7334
44326
-90790
6852
-6852
-644
42962
87934
-8572
-60989
-38804
9602
-9602
-53637
4895
-4895
-932
8263
92055
34000
53472
-32883
17594
61121
-17701
-47976
-89846
14947
58143
-83312
12433
60346
-38629
52269
4517
28058
69243
-64781
93294
-8875
-41287
7987
-74986
-28340
-5181
-54980
14117
-39187
-72397
-32585
-51699
-39960
-3047
3047
95038
-75922
-6825
6825
35803
84620
-33711
-65706
6711
-6711
80646
37858
21949
-5994
5994
89264
-51189
-1251
1251
64281
-4592
4592
-90841
-86066
-4298
4298
5667
-89204
77642
-7203
7203
24216
-29581
71133
65434
33402
91181
72309
-9584
9584
74322
7797
-7797
-52768
-99645
-33515
-98385
-3292
-75407
30894
34987
-44858
58005
82
-82
29581
50912
71434
-98492
-3462
3462
27524
-45900
-5647
5647
28976
92411
10067
4372
-4372
17493
-32518
-11706
26366
-97990
268
-268
-65268
-96559
-65411
75806
-2414
2414
15154
-449
449
50989
3986
-3986
44167
51006
-45996
67333
70773
-86805
71125
-47439
43955
35830
-6804
6804
5765
-9145
9145
56999
56783
-6051
6051
8415
-68600
22753
-5717
2145
-2145
82558
-58325
-60703
-36340
-41702
-155
155
94897
-64797
65586
-72262
-57989
51807
61312
9785
-9785
-21680
36723
-72778
-25285
99314
3850
-3850
-24928
-64460
11523
87283
1425
-56286
80
-80
-34455
68753
-32936
37851
93634
-31121
68052
42402
26976
-82549
21861
-68116
58275
-18506
-3081
3081
-91129
9954
-9954
13592
5568
-5568
26386
-82331
85666
72763
-34747
22285
-12559
-35379
2256
-2256
1901
-1312
1312
-12117
1832
-1832
62175
-7880
7880
97234
18751
3939
-3939
-94187
-149
149
53996
-5732
-89533
-73114
-57826
-15992
17952
-57322
-69781
-6303
6303
-47590
-80678
6655
-6655
98896
-77116
-57038
-34746
-2404
2404
-39559
-41848
-44947
83046
28401
37776
-29284
-82040
-78937
-87369
93433
35841
54121
32621
99057
-2984
1051
-1051
-40165
4287
-99417
34527
51325
-24426
-64468
48649
-621
-3533
3533
72308
85588
10874
-20771
69170
7731
-7731
-58482
-8502
-69829
-4696
-30843
-31058
96597
-22488
5656
2731
51137
-66627
3774
-3774
91235
-87800
35197
-59038
-16909
-25317
-56370
93345
93540
-31454
6432
-6432
-83125
70519
-80540
-6241
6241
7360
79552
-3007
3007
78963
4238
-4238
-17613
6863
-2498
2498
93696
-38947
-22251
-23979
-85954
41733
-85503
32040
88684
-8255
8255
71374
-2020
2020
59818
57202
-6032
6032
72576
97950
-93612
-72629
86778
21042
-68009
13700
-2595
96863
5176
-12389
14458
86778
-92895
-29136
5658
-5658
66660
-17095
-43568
61883
6953
-6953
90592
-80159
-57162
1818
-1818
13821
5848
67195
-66276
78414
-9882
9882
-18524
19557
59814
70339
-22773
31690
-5325
5325
-32092
-4796
4796
-20346
-16541
89332
49457
-21731
-27399
-7656
-1613
-68802
-75034
13274
-27393
52864
-77777
-79990
-82849
79875
7310
-7310
-59205
34788
3045
-3045
1712
67447
41108
11416
7972
-43150
30486
-5256
20415
40998
29190
-245
-30879
-69750
6651
-6651
-55311
40444
-7085
7085
61877
5091
9757
-15795
4732
-4732
26170
-72870
-9099
-32581
86365
44604
48051
-90234
-80934
-20813
-71893
85756
-90841
94326
-31058
3258
-3258
-73706
30844
-91751
-9555
94928
-6146
6146
-12205
-1118
1118
79096
-85621
-56460
62383
23199
-10258
32206
51036
7471
24762
-1726
-72583
-7311
7311
65580
-66045
-24290
-1431
1431
76213
-90129
-70894
95675
33927
2718
-2718
24648
17660
52286
-3853
3853
10553
89774
70560
4538
-4538
-99896
-49898
-6796
6796
57416
16169
6433
-6433
15439
-2037
2037
-61016
-35275
7334
-7334
-72900
55257
12896
61052
68868
1772
-1772
-35721
-93822
-44421
26625
28026
-9745
9745
67743
-67473
-32750
18662
59807
-45005
9290
-9290
95193
-48377
-62535
-8897
8897
59793
53138
-79255
-3683
-12495
54975
21111
8733
-8733
990
74182
13934
-99688
6462
-6462
-19757
-26347
-89860
4719
-1545
1545
93105
-4703
4703
56675
98490
-7179
75745
4804
-4804
-9563
-38746
-97959
-49136
90323
-12977
-7977
33649
17203
14252
49770
-76066
10176
-7186
7186
72096
11879
-6312
6312
-59469
-3589
7399
-7399
-41686
86258
-96420
-5623
5623
-61411
-66963
-47340
53321
-322
322
-13218
-36133
-4856
57556
16118
485
-485
-12136
-44039
-72687
8127
-8127
-50371
94103
-15222
-43261
-6218
93938
-32129
3324
-3324
-84044
76497
51438
-61523
-36728
73079
-10138
-62907
-7301
7301
-18366
6589
50766
-14996
-57526
21924
-2113
46983
-12725
-91657
-61843
1877
-1877
-11253
98412
59313
55939
-5161
5161
-37051
-32998
-3721
3721
-23720
-94606
7404
-7404
-72062
25466
-89451
-85771
59056
-2725
2725
52267
-32492
69200
-20513
9397
45754
-94622
-62295
6205
-62076
72234
-9892
9892
91654
-44743
5906
-5906
-78758
-54239
31535
-86006
65300
73888
81377
-41452
-2353
-98101
60224
-73368
-10603
76205
2989
-2989
-93259
64140
41087
-14393
-20392
8555
-8555
77395
-25038
-20156
77538
-92967
91345
44748
66624
3580
-2660
2660
28535
-68718
-57126
-57138
-38952
60214
-8916
8916
32911
-24089
-85449
79667
19634
-35105
-36300
-98783
3801
-3801
63388
18789
80553
1525
-1525
-84852
-86331
3286
-3286
-72179
-8278
8278
61568
29212
89629
-57986
37710
71847
-74778
65137
-39733
9708
-9708
-97736
-64478
-66281
53142
57052
93646
1920
-49707
1183
-1183
-52149
-1602
-93731
-31873
7432
21202
71700
90272
-84946
20436
-88745
-49225
-4306
4306
-78949
89120
-7288
7288
-60817
91518
57089
17141
-63408
-47142
77634
-52741
-75170
-58261
9979
-7131
49426
44071
37265
-14595
-6657
6657
-58562
64673
-5337
5337
-56565
-14602
39715
-20219
-34866
18636
63182
-26535
-36358
-8231
8231
-31631
30812
-47016
-1067
77564
-14342
-9468
9468
-46121
-1688
1688
-97401
-93675
32470
85145
-7006
7006
57863
59935
-58071
-73059
-38644
15196
-1572
1572
-87263
-5424
5424
39481
22274
-9695
9695
-26231
-36083
4347
-4347
-8225
53798
-1678
1678
-24459
7986
-7986
-98762
-59689
1470
-1470
25217
-1467
1467
-70617
9368
-9368
-70975
80360
73443
-28915
96583
-6480
6480
-22225
24709
-25726
7111
-7111
-4253
21985
-50720
-6317
-16804
141
65778
52242
5724
-5724
-59847
-1468
1468
-21093
-23788
55571
-38827
32415
-6904
-29040
81635
6434
7962
29685
33332
-93740
19381
-6199
6199
39631
93088
1860
-1860
54065
-93907
-69754
8263
-8263
-62663
1157
-1157
-51845
-9168
9168
76303
34937
24467
-31067
-18659
-31066
66897
-83325
3637
-3637
-27614
28608
-64829
96408
-41365
19239
-36042
-72052
-71360
-5806
5806
-6942
58044
54808
69694
91448
9923
-9923
46796
-3915
-16605
-63262
83479
-5488
5488
40885
39302
43796
60509
-99713
49575
79110
-61772
-708
708
19032
-98761
-89221
57681
-2372
2372
-957
-2158
2158
-67650
-30652
80110
2515
-2515
96611
569
-569
-68552
-31707
-1035
1035
-7691
94783
-66476
-92780
1314
-1314
3096
3016
-94228
68056
93270
-9350
16572
69
-69
43389
43874
-85698
-7814
7814
-76308
2162
-2162
37695
-62958
68886
-9653
9653
-82124
-37030
-17729
83053
-54482
84343
-9476
9476
33218
88374
-1763
1763
-17680
-15739
9581
-9581
26420
9132
-9132
-24114
54134
-8896
8896
84481
-61100
133
-133
-1915
-8381
8381
21793
74257
52211
-48750
67125
4318
-4318
56599
-36765
-47747
-35033
-26139
76762
-40
40
17792
-45385
19179
6643
-6643
-17322
9516
-9516
-85304
18782
54181
58116
6196
-6196
-10376
6687
-6687
34822
280
-280
-51704
-43960
97159
44068
-6784
6784
98802
-47459
-88198
22272
-69431
10440
65432
68003
52991
-5538
-7465
7465
3984
19333
13999
-53864
2352
-2352
-89542
-96280
-8482
74829
-82081
-27816
4229
-4229
32916
-79757
24974
-94070
-2050
2050
-47763
-15327
55849
-40096
-75760
11566
85095
7511
-7511
-83973
11252
-3574
3574
69612
56309
1657
-1657
7807
-59860
24520
34031
24284
5761
-5761
-53009
-82761
-93718
-7219
7219
-71546
-82892
-6487
6487
65984
-4632
4632
32861
-57320
-34193
-51060
93100
5274
-5274
-96360
-82693
-19306
22195
82539
22847
35269
-94827
68249
43020
-1448
1448
50388
-1700
1700
-40177
47836
45692
-16066
-7094
24450
-82594
-29312
-51015
-76124
-51398
-61273
-9991
9991
-71130
35863
69888
-4048
6468
-6468
49374
66901
-95972
-8704
27313
62917
48366
49962
53265
-26636
72602
-33298
85344
73341
-19791
-20423
25011
-30450
-75353
-3818
3818
-28869
-85421
13615
-23692
-39682
-9597
9597
-17093
-1296
1296
71005
-44539
-2244
2244
96923
54970
-72461
57062
45444
-35580
35842
-7975
7975
-34671
4658
-4658
14870
-25486
-60220
66261
80895
6719
-6719
75339
29778
-72355
-36358
22977
-50358
88956
30692
-88828
-2225
2225
10101
-19064
38804
-6063
6063
21015
81193
-13082
-91428
-89417
-70762
-20467
83816
-35124
65420
4942
-7211
-34999
-6227
6227
-30198
-39266
57633
-1039
1039
-71157
27523
34223
6514
2183
-2183
-21481
-44388
13162
-58678
-16686
21563
75888
49272
38317
-60995
2562
-2562
9466
86722
-1973
1973
-20884
-76013
-93480
5503
-5503
-72517
5893
-5893
47407
17161
80509
18997
65636
67332
44972
-895
895
77235
37595
26363
24218
7546
-7546
-78064
-56395
66076
-41245
-53455
-4147
4147
96309
42332
16571
-53933
2828
-2828
88618
-80476
-60070
73176
15740
4650
-4650
49163
73563
87320
-32615
-44835
53332
-25758
-15151
73598
6080
-6080
-75237
-20469
-85796
-78993
7034
-7034
99568
-7989
7989
30940
5901
94220
-81220
6976
-47060
77465
69739
60589
30106
6645
-6645
-6148
-45765
-49792
-28040
-26404
-32909
-43451
-65518
-7901
7901
59276
-15197
686
-686
37828
-1670
1670
-91525
-13235
77609
47208
-82171
9083
-9083
-46650
-2099
2099
-16295
-50287
-73124
12481
-6157
6157
39467
6630
-6630
-55562
3785
-3785
9133
-1264
1264
-44573
67536
77480
-61212
18666
-36708
61918
-21604
-86675
-6009
-92252
-98888
-99888
15986
42479
12741
95415
-82459
84715
43681
2037
-2037
28603
-80484
-7175
7175
-43441
-57004
-8266
8266
53389
-62287
-31259
-41009
-67696
7774
33027
7744
55104
-71547
5871
724
-54764
-95042
-8810
8810
70119
2057
-2057
84889
5996
-5996
19446
92543
44647
-7999
7999
8216
85427
24341
-955
955
-56519
-41726
-71277
-42661
-19588
-36943
-89044
-78951
52
-52
10942
45038
95081
-9705
-47058
-61295
-86775
-30314
-9856
9856
3361
-81389
26064
-69383
80722
-67918
-71162
32163
-40424
-98486
26170
-8629
8629
-17093
1223
-1223
-1219
-89865
2355
-2355
93869
29882
16552
-70392
5270
-6282
6282
-48776
86467
-56614
-6329
-62684
-71669
9293
-9293
91951
-94798
20193
-4602
4602
-74675
43904
-81899
-98463
-685
-23706
-878
878
29484
-84427
4355
3169
-3169
87350
-1132
1132
90279
54661
59984
-54317
-85664
84632
-19440
85291
9735
-9735
-98369
-56726
-54435
-5964
74663
40842
11484
52025
93853
-95963
53016
-75261
-83896
-11363
48659
-99591
-37560
-1955
1955
43030
49496
-67185
-95419
24354
-42837
42456
36565
-97117
96522
-57823
-50074
-58255
-50527
81213
-18494
22708
23198
-11686
60537
-39215
42723
61042
-40768
95102
-35456
-61582
60814
-3757
3757
-1802
7246
-52376
-3
-92477
3857
-3857
63309
43160
99899
-68896
28201
16170
48328
2953
-2953
55323
98812
61441
93648
89832
2198
-7153
7153
-91970
43135
92024
-79024
68374
3499
-3499
97009
50458
-74132
-43414
-27122
-99540
-942
68041
50161
-75637
31988
-33313
39334
-92327
4669
-4669
-35688
-23943
46427
-1437
1437
-99586
-27042
-21064
6481
-6481
80379
-41102
15516
-61373
-6430
6430
12361
-62024
4071
4076
-4076
42383
-31608
89445
-13500
5391
77981
54594
-1379
1379
382
-38029
4701
-4701
58891
-8487
8487
-96510
13028
59947
-20844
-43505
56540
94981
42025
-71502
47612
-74348
-47139
49301
-50356
33030
80540
55769
38855
61041
-9255
9255
-59111
-2133
2133
80615
93879
28063
23886
-16744
54569
-87420
-21776
7870
-7870
43547
-41638
-45088
75840
-11
11
-84014
-32266
-31819
9527
-37214
57660
-45259
-79530
7072
75866
-74107
-21223
-68321
-623
623
8740
67286
-7868
7868
-3960
-34321
90602
77192
84053
-76973
-25720
-29096
2901
-2901
4868
29983
-27767
-8870
8870
97384
-6467
6467
-47990
77843
15415
-7315
7315
-66259
5923
-5923
-30686
-71791
5987
-5987
-63767
-2166
2166
-32025
56084
36365
91920
83814
-4000
4000
-6590
-38607
33157
43542
-58825
6889
-48849
79569
-1195
1195
-62679
-13554
-1348
-2077
-8837
8837
-31512
4831
-4831
-10253
78252
85395
7965
-7965
58718
-81691
31059
45057
47896
-50838
-82173
-26510
80758
53826
91958
2067
94138
-69828
-46212
26457
51952
-78862
-84634
-88058
4895
-4895
-60362
56045
3243
-3243
-106
-782
-98139
-24403
4123
-4123
-52288
-39963
9235
-9235
-64390
74624
89928
5320
-5320
-44018
-32872
87862
-9435
9435
13109
-41008
3927
-3927
74847
22025
90111
-9894
9894
-10021
-54452
6735
-6735
-28903
28079
324
-324
85314
-97484
-54130
-8548
12971
-17096
78218
94002
-15064
98597
41151
-36528
-8591
8591
-93279
73222
41616
-68677
52209
-92716
82461
5626
-5626
76245
-5028
-4632
4632
-93476
-82806
51904
-28330
87354
-83052
-618
618
-77464
59119
-12508
31001
-50409
13210
59766
10305
41395
-10775
-27703
-44758
-30418
-29696
-53310
57052
-54480
41342
-35017
-30913
50281
-58637
-75696
-1530
1530
41625
5252
-5252
-48985
-8363
8363
77029
-65123
-36627
-18967
3128
-3128
-64248
-25186
-17344
-79068
48841
-7320
-82162
1453
-1453
-44940
-50504
56692
-24111
-81095
85610
17163
92204
-4607
4607
6843
10404
-66313
-352
352
-17741
-52842
-98204
-95131
86926
63052
57826
-7441
7441
87627
3102
-44758
2488
-2488
8740
-87734
-76584
1624
-1624
-35661
62268
83104
-7745
84877
-59929
-18
158
-158
59016
58329
44506
85354
80822
-9639
52940
-48223
1076
43256
-1286
1286
84800
-87455
-52328
3965
92808
-1156
1156
89906
24370
70292
-34931
9475
7737
-7737
84725
-38883
-13876
-22235
1519
-1519
85723
-95826
-43293
-74326
-33697
-8135
8135
60866
-3280
-8412
7952
-7952
-40494
27131
-13604
26702
59858
-55439
58134
-18575
7762
-7762
42986
-2895
67229
-47266
-89633
-68122
33151
-82921
-4603
4603
-12010
-5590
5590
32569
-69224
7856
-73167
64780
-70112
77678
87257
-17765
73659
42120
98414
99709
-44882
-3555
3555
36976
-41896
90279
-7769
7769
-54131
-90100
-59626
61121
-5204
5204
-15920
-56868
-23792
-40150
52560
91090
74966
-6169
6169
-94535
4351
-4351
57426
15344
72915
5356
-5356
13381
-54679
91491
15248
68357
-31886
-6083
6083
87755
86752
-5581
5581
4503
-1775
58727
-42794
57189
-96915
56575
-89129
2541
-2541
15237
77296
56513
17740
-7726
7726
-98172
43151
4
-57210
46094
51144
-28845
-48716
-3775
3775
25321
64074
6253
-6253
74597
62222
92423
72925
-53967
-6185
6185
60209
-78084
5298
-5298
14772
-33037
67376
-88853
-7422
71546
53827
-52525
427
-427
-57345
62959
-74312
26882
9647
-9647
-64723
48798
-57302
-4878
-9441
9441
-23944
4748
-4748
-74772
-35951
45839
75300
82798
-3569
3569
99480
93769
-6639
6639
96183
-58630
-10517
95799
-42649
3125
-3125
-71008
-23103
49288
59720
6238
20256
-9724
9724
80768
-21163
-2929
33624
58689
-44397
-10861
-66851
11448
-96300
2563
-2563
12648
92156
-1196
1196
19986
-56220
90015
-16842
319
-319
1210
-79727
-4408
-84977
30034
-72757
-97865
-38526
-23615
57920
24
-22748
24222
-86345
5149
-5149
65939
-516
516
-17940
45103
15718
7092
-7092
20353
31602
37065
-54291
72758
5184
-5184
48605
-76429
12930
48965
20927
-8430
8430
-78424
38044
-50039
-83245
-43210
-66452
99883
78625
-46852
80814
-7918
7918
-60246
-8503
8503
32217
42512
-1894
1894
90379
-97844
27268
56984
-88819
76032
41000
-99336
9619
-9619
45559
56101
-60245
-72424
38434
3358
-3358
65356
75535
4787
-4787
-36703
-56400
82541
90083
-36459
42804
-72507
-3828
3828
89363
89827
5945
-5945
36653
4203
-4203
34039
894
-894
-80541
-8725
8725
-17703
4663
75757
18457
-248
44287
-29190
-13263
1210
-1210
98962
37338
33213
-3924
3924
3533
12369
-75109
48347
1979
-1979
-31286
-31070
70277
61896
32404
-12821
78824
75424
40854
62959
758
-37004
67847
19672
30908
34424
-6501
6501
7893
80719
31380
42439
85375
-87024
-60008
3131
-76221
-167
167
-49450
-87899
-56866
-74545
88535
41125
-50934
48503
40997
92668
-7186
7186
96628
-3390
81476
538
-538
96608
-67233
-5666
5666
-86397
26968
55442
-43189
58290
51992
-98943
47916
-63666
44945
47487
64243
6596
-6596
-9793
-72911
51096
51364
-55098
78380
6440
-6440
-47610
43925
23169
-68869
-43898
45229
36421
9969
-9969
836
-71777
-51780
62433
-6216
-45504
19581
-4227
-85104
-9305
9305
-30775
-9826
9826
-44173
-50142
1677
-1677
-84126
56374
-271
271
58572
6821
1030
-1030
-59547
-29669
-32935
4281
-4281
-80038
-26725
1667
8091
-8091
-46509
87226
3843
-3843
38495
-90149
-18117
-87035
46913
43499
-89634
-96892
-18256
-99328
91838
-9463
9463
29761
79611
-54133
-3483
509
-509
-78141
8322
-8322
-31318
-1573
1573
-80285
36132
-16179
-20756
-1898
1898
-96874
41155
86785
48996
-10308
6974
-78653
94095
-25462
-59816
7551
34971
94428
-7960
1862
-1862
-74438
-57606
-98102
-6627
6627
-35489
95885
-91844
22758
54204
-5811
-82447
-8874
-87143
-92455
-20390
-76356
-82211
80473
-4644
4644
92458
79348
-66434
4799
3686
-3686
15780
-2874
2874
21391
48295
-27698
87286
-34457
-68944
-21826
-470
41446
-44677
41004
53132
22619
-76505
-1233
1233
40562
99614
6250
-6250
-73178
16599
-2598
58324
49292
5095
-5095
27589
-72044
-24415
-4727
4727
-52362
-64794
-9733
9733
-18235
3114
-3114
-95864
41527
-15427
4282
-4282
76783
-9503
9503
-9318
57321
41340
3380
-3380
16055
80219
-17209
-70345
-97316
-64955
-83868
8325
-8325
80520
-75650
88019
88028
-14594
80692
-78153
-381
381
99499
-68210
96907
-626
-94524
-15624
-27912
-84961
2653
-2653
23908
-996
26670
37015
85204
-51765
67353
-45704
-89814
97253
-87663
14977
-12500
-1516
1516
13825
67618
39508
-6884
6884
84755
-20713
-6362
83995
50995
55857
42581
-79569
76892
-88814
57065
-7591
7591
-89068
-35014
91517
-99487
27254
66263
76575
65842
-17978
-97942
8079
-56730
45384
54565
67257
-5712
5712
-47500
-31154
-5073
5073
63832
-16939
-5065
5408
-5408
53908
-61321
23555
98776
35704
-76241
67188
-72799
8214
-8214
69002
-685
-6977
6977
-77225
-7490
58570
86786
48111
-45099
48863
7732
-7732
-1328
6098
-6098
-16552
58708
17
55505
-91206
-86993
-56290
-22186
-45243
56783
16624
-82972
5128
-5128
-97118
93372
98732
-5318
67639
99887
-3018
79228
29928
56104
-29230
-52860
69579
-61269
9911
-9911
32013
-45720
9737
-1264
-5529
5529
-23127
-1407
1407
24164
19344
-9230
9230
59997
87799
69367
-75901
19919
-42782
42663
-21298
7265
-7265
52970
1777
-1777
27261
49058
-22531
39331
-56132
43045
4105
-4105
72416
-61240
-37676
-61432
-30545
30578
-2024
2024
-4886
29064
-68023
-9143
9143
-7038
-15805
8707
-8707
-44099
-5386
5386
20044
37618
-34751
-79546
-93085
77052
-93196
-84799
34381
33090
-22059
-6643
6643
-93077
96865
80466
-32692
2486
-2486
16836
2993
-2993
-13071
65742
62194
21175
-35594
9114
-9114
37146
-8790
8790
-78464
69036
3438
-3438
91619
-33900
-52695
83167
-90740
-6684
6684
-57557
-69784
45341
14303
-3630
3630
63404
2182
-2182
95398
-66098
40472
-45609
47308
24085
-26178
28524
-65826
53551
-6870
6870
-7444
85759
-58670
29433
15346
-39750
-85146
52969
-13375
85374
72097
-4724
4724
14059
-11105
51472
-37984
-16728
-19432
14099
-39033
93210
-90481
-18042
33113
-7393
7393
-76484
-63037
-86706
59927
9102
-9102
65719
58046
-90186
31
-31
63619
-30495
3477
-3477
2739
4154
-4154
-30886
-30925
-19528
-45977
20591
-69215
76141
-10144
88773
-54395
78598
41536
74659
71341
53085
-95547
-7961
7961
-65262
-57618
92771
38170
37647
1722
-1722
88639
-9625
9625
22833
90397
-36208
70387
28584
-81994
5054
-5054
11845
88643
61704
6937
-47356
16003
9014
-9014
-90270
-9015
9015
-502
-51395
83618
-12531
75117
51345
88606
-68295
-75953
-43010
-97779
-9868
88456
62193
49274
-29748
54826
31786
-75203
7075
-7075
54107
-8937
8937
-76023
-8207
8207
-6408
53815
-91860
1058
-1058
16151
-97189
-3558
3558
-4285
-8171
-11314
-57819
-96049
32463
25474
7979
-7979
52935
-97035
1239
-1239
-76911
-23237
96943
10325
-73214
-1612
-46031
-63807
-86054
6919
-6919
43800
-65837
-6383
6383
-48658
-10300
-8905
38610
6499
-6499
53654
59082
37048
59194
81188
-22083
35461
-5758
5758
-54170
-8544
-4546
4546
-82854
-57095
11689
-84290
-84181
-1172
1172
-72846
75633
2281
-2281
-41280
18749
-2081
2081
-78333
33556
7591
-7591
-93855
3657
-3657
59094
-57232
-54230
-42648
-13542
34928
-61079
-9066
80977
50829
82869
-9924
9924
-72506
48485
-54482
79632
-42645
98170
53923
-8783
8783
-39681
-54386
-97643
-47338
41621
64799
-8481
8481
-54842
36050
13211
-43339
-21623
-88744
26938
23191
-9859
-63726
86576
-40845
-62396
4576
-8984
8984
37180
75279
-86380
74418
-64451
70931
47352
57729
-52297
55205
6053
48765
77834
79661
-23946
61551
-67326
88608
7984
-7984
58057
-15306
7298
3403
84076
45360
6682
-6682
-25735
2791
78886
96938
29260
89305
7190
-7190
63160
-94100
14922
-80058
4102
66192
35168
-816
816
25878
-55932
-85891
-92115
5273
32976
-43464
25520
-15672
42209
-20899
52050
-15538
7913
-7913
-51078
-803
803
-50962
-482
482
-63553
34773
-88156
43233
-8680
8680
63746
80401
-3436
3436
54869
-6403
6403
78768
57118
-65083
-51288
-49081
-3405
3405
-18360
-4236
4236
40406
-19166
89729
51685
-16420
97280
31523
-5252
-8505
8505
60718
-67488
34607
58633
-53468
-28547
-1780
-44413
2278
-2278
-69506
-50619
-59846
-51670
-72393
-3228
33394
-58256
-31168
-27266
-85836
2087
-2087
98906
-79753
-14611
64321
-18652
-1280
1280
-67676
-231
231
4196
-99727
-52457
62937
81729
-48263
-48191
1023
-97116
-3915
3915
29205
-89
89
-80275
79782
-89876
-53955
31387
95272
62842
-39952
28716
49271
60070
97560
-38256
7314
-7314
-55323
-4316
4316
-96360
4166
64411
-1963
52467
-17043
7491
-7491
69430
-30910
77820
46863
-43463
-6234
6234
99521
-38233
8013
-8013
52093
51075
99120
157
-157
32989
15277
-8377
8377
6204
-2437
63834
-2243
2243
35554
-16857
-84708
44093
-58069
42054
23510
-34638
-9388
9388
-72756
17681
24547
32718
-28211
-12484
-39867
-11592
-3966
3966
-84988
-45768
-38607
89268
55184
15560
-3614
3614
19300
-7444
7444
-6957
66741
44120
-848
848
65214
22974
-6746
6746
96595
-16957
89922
-1534
1534
-20932
-89926
21899
31956
-95388
34897
-83452
-15904
-57095
-65304
6494
-6494
36669
-69031
10486
8398
-8398
-74588
15491
17041
-68251
-20750
-78597
-3692
-91533
-92708
15278
20373
-57127
-50046
-27608
-4345
4345
78880
7315
-7315
-7467
88665
-65163
-8022
8022
56286
-8470
-89956
-88270
763
-763
-32536
-5123
-98391
3414
-3414
-19742
18056
-66598
-73149
46128
-1314
1314
5099
18161
-5321
5321
-91517
49335
9879
-9879
92717
-18542
7140
89474
-1791
1791
44249
99784
-33828
-33169
-31960
-37104
-25604
45083
59128
2432
-24123
54736
-33775
34123
46646
-3922
3922
-45550
-1613
-65290
28581
-93526
-15200
-61099
-54024
-38548
34866
13568
75692
29064
16658
-59490
-61930
80066
58517
-16636
35985
3514
-3514
-44041
91119
81432
-13398
53266
-29731
5989
-50960
-61785
-7476
7476
-84202
-4361
4361
-85219
68572
816
-816
12767
83332
2059
-2059
3822
-90570
4899
-4899
83170
-4685
-8474
8474
51004
77387
680
-47741
84689
-72877
-74755
-83679
5792
-5792
24615
58213
8018
-8018
-62631
-84052
-80729
43605
-61745
-37229
-40136
-83442
4593
-4593
-55491
-54219
-38491
-36002
24841
29214
-2247
2247
-10916
2225
7883
77643
34721
-9807
-83796
65921
-1710
-29663
-9819
9819
-58983
50459
75366
61786
-77564
10041
8592
-8592
-48721
11837
90285
34364
8970
-8970
-27483
-98200
-75274
24490
-54293
-67974
16712
77168
9563
-9563
24754
70792
-4470
4470
21830
-11594
3609
-3609
-94761
19989
-13349
-19337
24997
93591
-458
458
48098
36369
1401
-1401
44432
25493
-45465
-9506
9506
-99357
-58658
-40718
-53991
266
-266
-26103
-6177
6177
68123
-18143
50434
-5484
5484
-78272
8284
-8284
-13413
-6569
6569
96926
4135
6562
-90453
-4953
2752
-2752
-27811
86539
1994
-1994
26989
36926
-8473
8473
75052
-97877
-7635
-3432
3432
-57103
13675
-88341
-40919
-24393
-7952
7952
-90161
-38398
87205
-37998
-41552
92928
54663
-42685
-21865
82386
16050
12627
60837
57687
-65221
-11683
6163
-5820
-6781
6781
43380
-44578
76292
-40419
-29265
-62268
82079
82859
-5299
5299
2788
-2379
2379
16710
-16703
-28089
6540
-6540
-62852
93075
-13369
85960
33509
-2798
2798
71657
-1300
1300
-40513
97393
-44034
97227
2743
-2743
63438
-25889
1155
81908
38060
-14827
-12314
-3667
3667
-24272
19670
-94824
-50782
53014
-97570
16124
9731
-9731
34497
-19877
-64046
7561
-7561
-30587
14685
-39383
-21641
1801
-41765
-30809
35421
-12420
-56621
47703
-3247
13934
-6471
6471
86393
-67745
17547
47544
-26543
34521
-7470
84722
9327
-9327
-1673
-96004
41322
-29559
-44583
-13768
-68372
31551
79219
31628
47133
35906
80653
9500
-9500
35123
-67674
-99621
-1899
22371
50087
-33114
25552
-39035
-13726
5230
78929
55004
37249
-25807
-51114
90499
4405
25272
-4022
4022
-55259
82504
50067
6398
-6398
75564
92052
-50125
-55937
-52717
-96114
-28147
-8985
8985
11650
-30791
75853
-60152
-46700
46791
-43747
35935
67580
-57842
-70769
-1674
81882
-7745
7745
61690
8420
-89241
56701
75146
32006
74249
19224
78682
78219
55412
-30097
-62935
50012
-15902
29221
9130
-9130
-80689
-3551
3551
-58253
80673
-78013
-75259
-40574
7005
-7005
-21581
80682
96459
-25594
99601
-4445
-14761
72
-72
-22712
-26048
91347
-35746
-95906
-82520
55028
6441
-6441
50905
94307
68719
-61965
8406
-8406
-50254
62214
57446
-30359
76547
-5216
5216
-66645
-93165
1300
-54093
-3636
3636
230
54218
7155
-7155
73950
-2450
2450
-45616
21447
5479
-2994
-70993
71
-71
18549
17418
-71699
97695
-98634
-5036
5036
33502
-26644
61833
-58900
55050
-52004
11519
-22599
31238
-77351
-42574
34558
99376
-59441
32685
29724
73324
99698
-18486
38639
43597
83747
-8781
8781
-63525
76107
-66961
-9133
9133
71092
53960
-62956
80237
-43345
7177
-7177
-1739
8740
-7255
7255
87364
64073
-27
27
96561
-99659
-63368
27331
-42067
-86841
95220
-932
932
52888
-70722
89992
-34937
-81217
31865
-96591
-588
588
78137
21790
47750
49652
-32118
-43288
-83742
-19437
-68768
671
-671
43277
-94115
-3717
3717
65834
-69530
-172
172
-96107
66291
-43876
-71166
-9543
-5464
-7668
7475
-7475
-53590
-89780
-288
288
-4547
-1179
1179
2802
984
-984
-6916
-35393
-2590
-29404
95210
-17136
-83652
-51757
-18561
19353
-40492
86858
75658
77204
-155
155
90082
-51262
7026
45290
-55696
-7200
7200
-26070
-33464
78253
-29126
-45773
38834
-12302
74677
-13280
5948
80154
-97157
-69923
7043
-7043
-92795
-10764
42521
46526
97098
22622
-3831
5215
-5215
65991
-16818
77984
-8795
8795
-59766
-99462
7000
-7000
-88063
85100
-69338
-36029
46001
96029
67473
3555
-3555
97989
-20228
99062
4188
-4188
92335
10356
-99276
23163
-20408
81743
-2211
2211
52640
-81114
-61539
-28703
-93161
-78672
1428
84335
6259
-6259
-43674
-98795
-58420
-6016
6016
16156
36546
46601
4560
-4560
-36910
79041
5691
-5691
36375
-59356
-78655
88445
8886
-8886
67851
1487
-1487
-20309
-73543
-73560
-73038
43140
76284
-98678
78438
-76310
94688
7673
-7673
4555
89944
2457
5176
-20078
-12891
-91362
80300
59620
-5535
-55916
-87904
4438
-4438
70596
97820
34641
-29770
58731
65024
175
-175
-893
60834
-1479
-57991
-88297
41094
-6971
62924
-68204
-7358
7358
-42061
-8714
8714
43368
74777
2132
-2132
-81892
7494
-7494
66500
-88824
-8422
8422
51477
-24458
33979
10259
19675
5445
-5445
-79352
-23760
5015
-19744
2909
-88294
-5438
5438
-91199
-9942
9942
-64468
4992
-4992
62969
67256
28131
-35770
35742
-62996
-6636
-58920
99633
51700
-81109
60795
-29883
56921
87287
59192
57032
-8057
8057
-46105
-8301
8301
-46142
14992
89445
18272
79466
-5066
-7088
59072
-76379
14742
3382
-3382
16785
-26428
68964
-70530
-54942
-67996
-60726
-46773
31382
-6034
6034
33090
-5151
5151
29233
7253
-7253
-18112
-43972
-8826
8826
-65622
-45302
-27034
6899
-6899
-44275
-60608
-7902
7902
46258
-1908
1908
-61980
-10979
21528
1011
24226
45055
-43624
67645
15130
44849
-93189
-71039
80192
93774
-72523
-75200
-3709
3709
-97084
33177
99589
2599
-2599
-86147
-1984
1984
57858
97976
-77485
10336
-55041
1486
-1486
67290
-63558
59662
-53522
-43429
9920
-9920
-52286
-5404
27186
-15767
8493
-8493
-47369
82477
-17571
-30755
49961
-8327
8327
97435
47406
-37321
-14181
-57591
-1842
30544
35221
263
-263
82860
17797
13305
-17639
97893
-37157
55040
5032
-5032
28517
57281
98063
-94525
61048
-8051
8051
77836
-95770
30955
4691
-4691
-19667
53304
75787
-47429
83565
-28690
57371
-49246
95456
-6007
6007
56186
14631
35306
-71093
86407
10378
-11922
-64228
-9106
29881
-2685
2685
-58633
3442
-3442
-72536
23205
-35288
298
-298
1719
5645
-5645
75125
67096
536
-536
37220
-91833
5926
-5926
-331
-2413
2413
-12932
7153
-7153
-46678
36926
-1217
1217
73920
-43395
-8940
8940
86801
-42228
-98205
-23077
35987
95147
2249
-9554
-46199
-88422
-39788
-7609
2436
-2436
-6102
-4930
4930
-8649
71989
37127
-9010
9010
92212
9965
-9965
84228
74168
6752
-6752
2136
11871
-90657
27306
-34229
-27940
44443
3769
-3769
-45786
85924
98931
32784
498
-498
-6152
49721
-14529
43373
-41011
28418
-30177
-99574
-51644
4703
-4703
-78363
2627
-2627
-72447
-9938
29207
-12544
63038
16458
-43820
-24231
7771
-7771
-72725
-3188
3188
-17536
2243
27953
-88513
71118
41704
60155
-88935
36983
9142
-9142
79866
-5504
5504
74609
95474
1150
-1150
95612
-3940
3940
96752
9597
47050
-56040
-25012
4735
-4735
-80355
1382
-1382
-80778
-45449
-56825
4908
-4908
-702
-32527
71252
99513
-58982
-14060
81984
-26024
-95791
32118
-52320
-33282
-33503
-49542
-80228
2209
-2209
6820
38339
8345
14762
-31613
-73224
44451
65132
-73799
50140
15724
80128
13691
-3272
3272
-29136
-90354
-78274
30181
-7179
7179
42415
5680
-5680
-92670
-35808
-22837
-3349
3349
-73805
-65685
-16725
-59143
50623
-6365
6365
22859
-99235
-33577
67866
90258
-2008
2008
-18052
-27768
-64349
579
-579
-66824
-35756
93718
6774
-70843
3013
-3013
-65063
822
-35424
-93445
90542
39734
28572
58343
-84223
63235
-3722
72697
85388
41939
4540
-4540
92373
14260
-55055
-32553
-30843
-5081
5081
-24846
5518
-5518
-20704
77817
2219
-2219
-17779
88497
7897
-1160
1160
-21546
26897
9103
4005
-4005
-15076
-70
70
86803
4647
-79489
84117
72562
-18547
-45236
-89756
563
-563
10031
-9290
33433
-81861
15141
-98923
98038
14985
62398
2980
-2980
-30046
-53304
42107
29032
55660
51433
61170
-83740
90725
-71892
-40587
54627
-86479
20646
-92743
66955
-16319
16388
20465
-5319
5319
70817
-4778
4778
38299
-1275
1275
9729
75637
-25070
27235
8715
-8715
35447
-85053
35472
53551
53916
-61078
46972
20246
-478
-21448
-44829
7776
-7776
3309
5230
-5230
-74660
-188
188
92579
93791
33767
-20704
-90834
42433
76222
-33749
92776
73662
95294
7747
3296
-3296
-59226
325
-325
3596
15520
9725
-9725
884
41164
-48965
49978
56490
-16190
-33097
4116
-4116
-83582
-82393
-94199
-83599
48465
-83321
31906
-8919
8919
72936
-49474
-6762
6762
1700
-1374
1374
69533
-34699
8350
-8350
-19353
-54764
-46883
-34394
15845
-2752
2752
28777
50391
32771
5517
-5517
86630
-4751
4751
-78458
-8991
8991
-10475
4505
-33634
-99856
46520
32593
-38480
-37367
2753
-2753
-54744
4701
-4701
66250
-22368
-66701
-93041
94360
-14197
17705
-10610
62012
91358
-29972
57503
-3852
-5896
5896
35795
83495
-76536
-55179
-71089
84646
-10904
12055
-55429
96984
-91661
-3227
3227
-79530
-36758
-19936
-56697
-6424
6424
-77500
-72568
9265
468
-97225
-68034
-85296
-35254
-58145
-56918
4361
-4361
-9914
83762
75400
-80320
-12733
-62550
-94565
1675
-1675
-42750
-57785
38700
-78669
58535
-68959
40286
-7902
7902
14028
-16930
-93993
44588
-8628
8628
51179
-49706
-2229
2229
81625
-7131
-14099
-9794
9794
-52372
-1647
1647
-70445
-79224
-89042
76188
27211
5264
-5264
-78004
-44680
-88845
39565
5347
-5347
-89081
80315
-13191
44716
-72473
932
-97500
55780
-92783
88907
74623
-41441
-45904
2876
-4388
-92396
10651
80440
-7886
13740
7164
13919
-844
-97966
-90384
11547
86784
1076
-1076
-18536
-23200
-1616
1616
-73827
-85128
-14837
1551
-1551
-47192
-46465
73493
53612
-90578
-55128
-4963
4963
86781
-19615
58224
10274
8144
-8144
-24710
-70267
23191
-80391
-5806
5806
-22338
-14069
78831
21469
-83535
-88422
-67416
-16557
3192
-3192
43352
12354
83975
-75174
-13467
65311
53491
-8075
8582
1601
-1601
-65291
39945
-98116
-3783
3783
68349
6194
30086
27331
49985
-89262
4538
-4538
34146
-64058
-19601
8479
-8479
19596
-75160
7961
-7961
7051
4967
-4967
9811
60306
9534
37182
60988
2489
-2489
-67064
16194
-51600
56047
-5236
5236
46627
-86591
64114
-57035
-27498
-64871
94865
-93050
91465
-4290
4290
-63394
-5644
5644
-92469
-71193
61149
-75587
-6472
6472
-98058
-49404
71219
-65173
68201
-92757
9315
-9315
-33628
-78493
-49133
87948
-91154
-6330
6330
23421
4701
-4701
50369
74674
-93045
54674
-67023
1797
-1797
-87070
5018
-5018
-73966
73039
-16011
9955
-9955
70015
-73051
6974
78598
1271
-1271
38399
22065
8171
-8171
84920
-4394
52187
61179
50682
-6891
6891
-16902
-90516
31032
72936
-13206
-32582
-41354
-74614
-35277
9566
12339
-80343
7357
-7357
20361
-58673
33906
-79384
-56566
-5140
5140
-35230
-3163
3163
-64954
-55419
2417
56321
-4631
4631
-75996
-54060
91356
-32391
-2726
2726
97866
90792
6496
-6496
-29562
55534
-8367
8367
-99132
-58430
15833
77471
-83010
-87630
74379
-1733
-46099
-7842
61875
52495
-73014
31897
50003
-81396
-97218
-37944
-84033
3967
-3967
-8960
-2252
2252
-29506
96243
-6618
6618
-63457
3801
-3801
-25239
98999
-71017
37186
-93086
-74252
-76940
53537
-48809
79781
54581
-44174
-4154
50820
211
-35737
45419
42623
9393
-9393
-78183
-10790
91227
-4628
4628
-65388
-31145
-69193
2519
-2519
-68288
-90262
-28331
-93671
77733
13693
-22125
-16805
-1393
-99898
-39950
3415
8286
-8286
-94177
-9405
9405
91691
-1066
1066
-35264
-60966
-34062
9702
-9702
4715
-13696
-36562
59027
-91364
-43152
-83003
59707
-31815
-20914
46279
65341
63411
80841
7411
-7411
97603
49299
75068
-518
518
19109
-89192
35359
80625
27320
65925
87147
81177
-43647
90340
-70896
58546
57214
-25301
38122
-14512
-94018
9944
-9944
17300
-59766
-6454
6454
-94571
-92525
4343
-4343
67615
99203
-6112
-1236
1236
-54556
41887
97118
1616
-1616
12615
-42072
-18908
82701
-75921
90636
59000
40666
-63043
98012
8110
-8110
10737
41099
-32656
-3146
5016
-24354
9615
-48066
-9265
9265
6212
-9970
9970
-47337
80330
22080
76115
-49351
-64218
-1093
97104
71697
-30757
79143
13938
-22780
-39997
79107
60991
84183
32406
-47122
93394
88313
93237
884
-1524
1524
-67255
76861
32126
-7482
7482
-53483
87445
29414
-44790
38573
30847
-28282
2616
-2616
35936
-49067
-1461
1461
-15121
29925
-83635
94746
32595
-26791
62914
79170
75830
-63956
33095
-59349
-1952
1952
86745
242
-242
5383
-56401
61529
1723
-1723
-63156
-1053
-47280
56310
62759
-68445
-90960
-51970
13210
-61690
-78125
-30199
81569
-40968
-88818
-17274
46894
-28470
71046
-2309
2309
-33788
-18674
-93788
95758
-69341
-26559
21802
52744
13854
49090
23502
-63625
55423
96033
26296
-75880
-32312
20276
-77391
59162
-68051
-7528
7528
92266
-26900
-51498
53429
-72658
96119
-69435
-29647
63673
-37051
5362
-5362
83163
7559
-7559
-68044
73800
-48517
6422
-6422
57394
-92219
93745
-19167
2736
-2736
-40648
-59302
-8134
8134
-70776
-27113
-818
-8486
8486
18973
1492
-1492
-65014
-30710
-2261
42486
9395
-9395
69895
-45653
46196
53173
-38033
-13016
7433
-7433
22218
62290
-7983
7983
-11650
56095
-19110
-13358
-44688
-34150
-81478
-37421
4101
-4101
-66161
-7863
-6708
6708
-86258
-34032
-24933
-95748
-37381
38468
2518
45930
-26880
-77185
-29478
-16011
-41031
-24385
7380
-7380
-85351
-766
766
-57918
94273
14864
19781
33671
-83955
73370
-1896
1896
75320
16704
-50644
20118
76951
54928
-6312
6312
15152
-5812
5812
-14739
-28492
18073
-24401
-37153
-28433
26640
91341
2326
-2326
-94676
68588
-17259
-63096
93732
-23822
-23352
9380
-9380
44653
-95110
47625
-10207
-9979
9979
-30069
97733
81306
-78322
90485
4309
-4309
-808
17307
-33881
-67567
-35567
4958
-4958
-98785
228
-228
57630
-52000
-57042
-45095
-25470
-61406
-51469
-6008
6008
-83293
-27440
-69014
64725
-48182
-24860
61963
-46335
-33585
-17690
64946
-63130
13210
41081
-2374
2374
-62411
77560
79559
-33701
-8773
18069
-44553
-42014
-7277
7277
79458
12121
-3289
35009
-66533
6861
-6861
34228
-81424
-87942
-79005
-47890
5913
-8817
8817
74715
4466
-4466
-4897
-9069
9069
95689
-55754
2795
-2795
40372
81237
-72727
62636
-55411
-35700
67472
2645
-2645
-88201
19751
-7873
7873
-1055
30964
-86938
85618
-43788
-53835
58573
5376
4350
-4350
4093
-3077
-21700
82725
-65680
-24833
6445
-6445
-93546
12306
-1099
1099
-18116
-60234
53140
-35725
-97996
-88278
-71743
22148
2822
-2822
50686
62976
-3906
-9259
9259
-45873
-3881
3881
-65620
90396
5154
-97604
-51198
-770
770
-85327
-2862
-29952
9597
-9597
430
-16603
54804
-7382
7382
-42288
10202
57953
18624
30760
5138
-7019
7019
2052
-86350
-13128
66652
-76574
-1480
1480
-14802
-97314
-93689
90637
18810
2597
-2597
-97307
-89042
-10301
47487
5381
-5381
-9647
-48869
-819
50867
-15831
43724
-52410
31515
-17032
-41211
8068
-8068
-96802
-48356
-53066
20118
-5046
5046
-68136
14739
-93881
37145
2739
-2739
33164
3646
-3646
45072
-7705
7705
-24661
-13087
-92107
86853
-5298
-5798
5798
-20076
88190
-91060
-40253
-2826
2826
60408
4908
89313
-73989
89345
-1165
1165
49235
-25001
44125
-13473
60969
-47440
72795
-71241
7395
-1710
1710
73413
-74694
-53675
-996
996
-46134
73264
10647
-14969
-59557
36086
-10076
14838
-4845
4845
9242
-25751
-60341
-6121
6121
48289
9059
-9059
43294
-39784
22273
68073
89875
48441
-5539
5539
90719
-64747
38941
38518
25545
-94700
13030
60757
4605
-4605
-36197
22920
8745
-8745
-17830
60952
91192
-74705
-4406
4406
-94327
-994
994
31288
-8551
65968
53449
-49
49
34049
78700
73361
70461
38510
35770
28329
2207
-2207
68073
48755
23884
-60103
-76937
57064
-1514
1514
68348
56066
-51942
31975
46810
39933
-5464
5464
-59706
-1710
-81696
1347
62608
63724
63800
-86819
-59477
57519
24565
-6374
-76906
-8537
8537
17023
1178
17262
-71132
97913
-10399
98261
8621
-8621
-12547
-52217
57437
23210
49531
138
-138
-23689
56517
-11883
-4179
4179
-40244
-3887
3887
39103
8001
-8001
91145
83513
41724
21404
-55577
-96492
81800
-62159
-18256
49024
-4766
4766
132
37886
52835
-98414
-46542
3174
3580
-3580
-65666
89955
5480
-5480
31586
91461
-76758
53633
-5581
5581
62432
26120
1789
-1789
-57615
11207
4651
82668
92814
-32474
70723
52937
3469
-3469
51404
-70394
-29710
54848
21983
-48916
-55542
45888
-50604
-12498
-25321
86691
-63925
-67827
69925
-35611
74667
-7944
7944
98528
54967
24007
68700
59993
4204
-4204
78893
24601
-38195
-37032
-69552
65086
-84233
2906
10058
72732
5842
-5842
-17030
60748
71366
90454
59664
-38776
-71061
-78690
-17411
-77466
-65807
8700
-39557
68356
-84822
-18877
68872
-8500
8500
33618
-37045
-50292
3379
-3379
39152
-9955
9955
92689
95642
-45567
57385
2285
-2285
-14244
56571
17797
-64096
86006
-28491
-9453
9453
95905
83506
1744
-1744
88961
6440
-6440
19026
-99229
-56645
-927
927
-53730
96930
-4026
4026
-128
-40169
68477
-2155
2155
-51765
5355
-5355
-67084
64513
47127
5605
-5605
77017
-67269
63846
74859
-5440
5440
-53860
-2313
-12450
-19588
-81180
81363
-37195
-2955
1171
-1171
-85057
-30087
-29963
37834
-86398
83965
3055
-3055
64169
-21313
-59668
-47197
15278
8365
-81024
-37754
89371
-56426
-9698
9698
88063
-5761
5761
24639
56584
-11246
-95619
-10826
-8910
8910
-55715
91354
-5809
-61394
-61507
30592
9821
-9821
-17581
16293
-3353
3353
-12794
29777
47468
90462
28474
38097
-30185
-35176
-30424
-54551
-98037
85729
-817
817
-50276
79470
6479
-20673
55355
34193
39680
-78705
-7496
7496
-75568
-97613
91015
-68476
-81697
-42849
-14957
4024
-4024
-52527
-24748
761
32207
53726
-71183
-48884
6273
97336
79218
30708
73952
-58348
13685
71624
40974
-75426
-1292
1292
-1805
24752
29616
-7456
7456
16234
45172
11194
-3477
2883
-33721
-19539
-8283
8283
-82794
-25022
-9052
45259
-59577
7103
-7103
-37080
87042
70078
46061
18844
-5562
-286
-41127
6460
-6460
-78878
-54967
44932
-59898
44957
-26519
63235
80855
10101
-9799
-2875
2875
-8655
7589
-7589
-54141
-80317
-36413
7867
-7867
-13046
29377
-68814
-42426
5450
-5450
53333
35584
55924
-698
698
2252
30113
-85100
-69174
72819
-15747
-33704
89300
-22597
-16334
-5971
5971
85488
-17233
9483
-6923
6923
43733
-84681
-98894
-2782
2782
17965
-68945
-8255
30803
10774
6757
-6757
40915
-17637
-5500
5500
51582
-69810
93446
3940
-422
34352
93406
19703
71019
14765
-53973
31942
-3949
3949
45625
10435
74484
65778
7616
-30937
86309
25065
-98956
-9405
9405
-13381
-31457
-3896
87981
19310
34316
-82145
-91746
1975
-1975
54754
-72106
61333
-84947
73605
94668
-78836
22871
-92530
2741
-2741
30574
-84259
-8650
18181
95831
-9384
9384
81810
99437
6120
7483
48278
95682
-76086
24463
8339
9508
-9508
64552
33831
-4333
4333
-35944
16683
54120
-41860
17091
-3248
3248
-18152
7146
-7146
-69668
-24969
98696
-95292
-40954
51477
19253
28634
94391
47256
-9960
9960
65986
27153
33650
7949
-5366
5366
47662
43982
-98826
92326
445
-445
51020
-70324
11070
-34031
4532
-4532
54870
72294
-84214
2214
-2214
-41287
82728
67064
-999
999
-12708
31293
-44229
-69940
-12802
5355
-5355
87820
-9335
9335
-43025
61464
92141
-38959
91409
2449
-2449
-96796
-30998
-32484
-78
78
-88112
-8708
8708
-7789
77607
6560
-6560
8297
4903
-4903
40406
61536
-45708
-97499
99182
91252
54933
88066
-2342
2342
72762
-76050
-5690
5690
67537
-57348
-83857
-63192
-36604
-61891
-19696
-98922
-75841
-57797
87122
75486
-4438
4438
-50701
25375
-20216
-2292
2292
-1101
3061
-3061
13503
45765
5353
66899
89099
38663
-46365
-33466
-8304
-62407
-20657
-12015
78638
-43351
-12078
-3670
3670
-26395
-2727
53985
-45616
-6670
56870
-1581
-6252
-5106
5106
90052
50066
86667
-95017
-3272
-8900
-14252
9228
-9228
-38246
-5293
5293
-57610
-64639
59413
-52696
9434
-80184
85853
42499
-7952
7952
28631
71588
-32189
24792
-81991
596
-596
44401
31463
52606
95196
-9499
9499
-25394
59526
-3610
3610
770
25803
45304
-99549
6494
-6494
21972
42032
50943
-464
464
-63173
78083
-80233
-68972
10717
58578
45971
25179
22214
65980
37820
-83861
-2982
-66023
18554
55056
21847
35085
95448
-58449
-77809
19693
18672
76116
-27479
26961
66527
-9121
9121
99051
34700
-83957
1863
-1863
-30793
40165
9929
-9929
41364
-5755
5136
-5136
-42809
-50056
72054
84744
-95211
-2563
2563
69890
-59466
-6407
6407
-89660
91818
-85044
-57
5435
-5435
59828
-88605
-229
229
38011
6932
-69332
2374
-2374
34485
79722
8016
-8016
-78554
-4371
4371
78399
87682
56236
-3499
-5899
5899
45368
-78685
-84570
-4140
4140
73820
-43825
37316
-73581
4937
-4937
45466
-9679
-81351
-88138
34553
-6459
6459
-44433
-1193
1193
75787
-60478
-93303
73863
86289
1112
22936
-60631
60243
-99059
-93982
-64934
-73608
93281
53512
-1449
1449
97524
5872
-5872
-38596
960
-960
15682
-2484
2484
89667
26479
43326
-61962
82061
20784
-52864
50400
-88604
37312
1917
-1917
-20125
19853
-2459
2459
29097
46199
6192
-6192
32663
-32289
-57961
-54732
92431
-52668
-80850
6472
-6472
-32581
-64950
-97047
63544
-61596
9635
-9635
39520
2021
-2021
93603
3802
-3802
-87278
-9332
9332
2146
15386
-64913
46716
-57444
-67140
2859
64095
46525
17778
-8923
8923
45259
5806
-5806
41512
30199
2083
-2083
-56002
96752
47836
12086
30842
75696
69997
-49543
87321
49165
9597
23541
76847
-97942
75436
-43195
88773
-1743
1743
99964
66704
-77350
-37704
-84226
54489
-37310
70935
79453
-7668
7668
91869
-26445
8078
-8078
-43899
64850
-6021
6021
42002
-45590
-6977
8945
-8945
-63339
-61281
87773
-22499
-52627
-84153
44300
-81296
-95051
46320
-88912
-44906
80510
-78608
77154
-3578
-1554
62365
7559
-7559
-35192
84979
6953
17305
-85899
-4742
24593
7630
-7630
-99066
-94692
-80476
95688
84246
-4972
97476
107
-46480
4319
-4319
-6999
-6615
22344
35896
-884
884
-86743
-8595
88358
-64502
-664
664
25885
80160
-1227
28948
-5622
5622
863
88741
6673
-84916
-14204
-75597
-10452
-25032
10312
-92881
1300
-27474
-7063
7063
-39695
93597
-2395
62370
53431
-88904
-5566
5566
48960
44018
86611
-88395
-1184
1184
38950
18354
19702
9454
-9454
-96296
69472
3828
-3828
69733
-43312
10934
7463
-7463
-12109
49948
-99507
49002
41996
-51172
-36906
53767
-2804
2804
61050
-47228
-15494
18028
-17695
-8215
8215
-58831
-32203
-58500
551
-18927
99838
-36322
-49155
-64773
-39263
-75940
-37218
85777
-519
-51061
-53390
75773
39930
-51782
72075
7811
-53929
-2793
2793
80622
-60860
53551
44435
-27302
-757
757
34103
11086
70922
89017
-10419
68674
15649
9064
-9064
-48378
-74113
2811
-2811
56979
-89248
65532
66518
-71385
-31568
-55572
89063
-88966
26610
-8089
8089
84292
-51833
4411
27292
-17394
-86201
89805
72846
48958
32315
-6649
-5046
5046
-25641
-9277
-98339
-1607
1607
84646
-84986
-23720
45789
56503
-50312
-409
409
-57919
-96690
42341
-61585
-87668
46211
-2908
-88727
-33471
-44430
11363
33232
-45401
-56999
71867
2417
-2417
97852
-4722
4722
-15549
41976
-36850
-6349
6349
-91667
-38532
-35639
-5126
5126
73616
89430
95231
88996
-3130
3130
-41860
-1865
69618
57350
-9506
9506
-78609
85441
18835
-8429
8429
4416
-7915
7915
70829
-4014
4014
-18719
-98832
9424
-9424
91913
61950
-49393
-59407
79438
7504
-7504
-68046
-83696
-6291
9963
99501
-339
339
-60347
94965
2843
-2843
-86467
75405
109
-109
82746
21846
-9501
9501
-34253
45972
78040
-1491
1491
-91866
-5411
5411
8890
7284
-7284
-108
55544
42249
85176
-4825
4825
23201
-78316
-36810
212
-212
-68196
44310
17420
82045
-58505
-5072
-15840
-34723
2262
70031
7692
-7692
63170
196
-196
90613
99337
-57670
81160
25018
96797
-10585
13946
-87639
775
-775
46556
85278
4050
-4050
-20896
6571
64052
-94894
-62265
77533
-73320
5641
-5641
37814
26918
-92015
73002
7422
1754
-1754
90353
-8565
8565
-29116
-52241
-93771
34237
89479
-14374
70714
10961
67914
78700
-2156
2156
50902
49904
77132
-1500
1500
83224
-48812
7751
-2872
-16691
-47740
7011
-7011
-76746
4256
-4256
11984
614
-614
-81639
7357
-7357
-23297
51665
5553
-5553
22132
91595
-6787
6787
-69932
34659
-66476
27621
39518
551
-551
-38404
-44535
-42386
-56449
68773
-84919
-24051
-22635
65241
5305
-74375
-82090
-77161
64620
-42146
72004
-68597
28046
13863
89404
-22192
-87346
-35890
32815
-7231
2108
1475
-1475
17487
69061
62900
-49353
-31500
52886
7848
-7848
3366
40352
5059
-31889
98069
34915
6587
81042
-5920
5920
-8156
-20423
6298
-6298
49940
-46423
2586
3709
-3709
-87268
15400
47036
20487
-829
829
4479
-8387
8387
26199
84767
-87924
2500
-2500
-59751
-888
71517
-78551
41971
-5883
-653
10910
3103
-17644
66387
-83897
31199
2466
-2466
-31404
26048
9290
-28500
-8353
50536
-60599
19279
43959
77554
30521
-23032
24386
-4266
4266
-96602
-8900
7492
-7492
80944
84436
-7769
-23164
95099
4954
8961
-8961
-4011
-77821
-6179
6179
14467
-79958
715
90380
55457
-9443
-40882
73813
88995
66992
99490
2485
-2485
77039
-7018
-59985
79929
-42495
95453
-37419
62510
64538
4511
-4511
65204
51998
-52784
60788
86807
90934
-86059
4947
-4947
46098
-5613
5613
-27832
21581
-6791
6791
33263
-79617
-38034
-31317
-24717
81094
-96564
-89511
89871
25536
92161
1003
-1003
82394
84846
-24281
80901
-6182
6182
-77525
12416
-64324
-65683
10654
-57019
-46488
-68637
4796
-4796
-69365
-13630
-22456
-6396
6396
-99940
-43314
-96258
-82446
-76521
-83900
73403
-3054
3054
39792
-4323
4323
-22242
-7746
7746
20201
40948
91008
3072
-3072
74060
65656
52073
-10709
84009
65262
1029
-1029
98875
70579
9634
-9634
-35300
6682
-6682
-31369
4856
-4856
69331
94520
61378
-2573
2573
-21383
-18419
-1480
-78252
38564
23130
-26692
-4171
4171
40062
-67472
1328
-1328
78359
-61825
-82877
57293
28489
6980
-6980
51149
37090
58193
41347
-9693
9693
32571
-90780
10062
-25384
7010
-7010
83920
-10514
25059
-85774
71334
75501
-41688
-560
-90908
-33005
16
-16
-4296
20714
-37549
-5729
88589
88059
6842
-6842
-5365
-589
589
10354
-14630
74313
8460
-8460
-42283
37530
8417
-8417
32627
-54311
31549
-20575
8351
-8351
60114
758
-758
38236
-15613
-93170
94295
-77291
85785
92775
-43451
1551
9455
-58513
19598
-47117
83611
73148
9220
-9220
-34929
-91600
10931
-12737
93909
2531
45069
-4171
4171
96353
-47048
-9318
9318
3767
44876
-24709
-6162
6162
-26157
88474
6845
-26078
-57371
82687
49965
42548
90278
-84091
46564
91462
47829
-1391
1391
-71333
-69563
5136
-58117
4349
-81623
-6441
6441
-82833
98725
41351
-79279
-2845
2845
18041
-79046
-26514
6701
-6701
-93987
-7681
7681
-1627
-93342
-96336
88037
-447
447
32869
1258
-1258
40878
79294
13210
36501
-44085
38704
-2848
3927
-3927
55397
-5588
5588
47704
5946
-5946
-51036
29614
-55342
-962
962
-59713
-91958
19434
9480
-9480
33469
49066
-25826
-63403
5315
-5315
78843
62944
92780
-95550
-24074
-22254
97101
-94671
-70935
535
-535
63377
-4534
4534
-25848
-61511
50674
2569
-2569
20785
-77263
68368
-6292
6292
529
-83782
1566
17367
4582
-7601
7601
-62426
-19714
-50261
-29892
79386
-9938
9938
-19531
48717
40752
13948
14444
-48038
47431
-15525
6302
-6302
19685
8006
-8006
-7955
-57767
70639
-98857
-76269
-9168
9168
37645
93093
-70472
-75496
-46184
49174
20149
-94421
45572
44671
-95785
85263
5245
-94498
33503
29642
-6446
-74811
2833
-2833
7237
-57495
82027
-31177
-5045
2675
-2675
-35522
-89463
71949
-77989
-774
774
-84407
-86015
48240
-36906
-1340
6622
-6622
-55167
95348
-59877
-7068
7068
-82412
91360
69184
-67199
46150
57211
-48423
-5232
5232
-90007
3757
-3757
1041
-85560
5334
-241
241
-29513
-57949
-36429
-5184
5184
60483
23178
96412
63862
5529
-5529
73757
6121
-6121
-80750
-10750
-13091
1002
-61106
76117
-48326
-17972
21305
2391
-2391
-27586
9914
37071
85057
-2044
2044
78928
-35165
71339
32847
28121
22936
5525
-5525
-16648
8052
46765
7540
-7540
-73679
-56985
16738
-69892
73378
3415
-3415
49250
-71561
-4547
4547
34335
-29835
13873
-72927
21370
8881
-975
975
-98800
-30091
-19688
68452
-69596
-3820
3820
-28042
2545
-2545
85266
-92799
-1690
1690
63849
-28866
-48365
-55565
-14893
-8085
8085
-85538
-8797
8797
25598
-84502
-67369
-41042
-42077
56329
-63650
-45114
-14673
3970
-3970
-37027
6880
-6880
-36392
-5687
5687
-99462
-24071
26178
-10545
-49510
97432
92337
-86195
-72654
66686
-23688
9005
-9005
-29311
-18472
50565
59951
41105
-5041
5041
22789
23056
-10438
-19839
9391
-93171
46624
67115
-43955
-67648
76530
-29315
-2097
71212
24999
74921
89387
-51733
-80972
4107
-4107
-17173
-63199
80606
-99250
53897
-35803
-6618
17183
-5056
5056
94769
-61351
-29546
-601
601
-71342
68448
84573
81597
80806
-41020
-26235
-51268
95668
1760
11881
-67377
-2950
2950
38659
-2439
2439
-41423
73069
76847
-74134
-51101
42679
72617
7547
15259
-2462
2462
-93822
-67258
-18114
-2014
2014
-45744
-79655
19708
-51957
-54846
-90782
75060
83982
9999
-9999
36960
-4358
4358
-54771
-83560
-98914
-92981
-8700
8700
-36343
1590
-1590
-34224
97908
9656
-9656
-57316
-9814
9814
59364
-8084
35580
51527
-85423
-30568
3454
61108
-32310
-53682
-25611
-849
849
16931
18024
91833
17344
96017
-34333
9409
-9409
35634
57157
-39274
-37846
-94359
-56264
-49135
42118
-32675
74269
8255
9391
-9391
-62696
-8604
8604
-43875
-38353
-96973
59568
-551
-64162
92961
30870
-47041
76759
-62830
57512
5387
-5387
70505
14645
21436
-6645
55640
31163
-16676
-38234
32944
-79809
5026
-5026
60622
33026
-1426
1426
-82252
88278
283
76840
-37119
-18679
-6522
85979
-36770
8086
-8086
-97604
5607
-5607
36745
-98155
-31881
3439
-8038
8137
-8137
-64662
12533
9487
-9487
-21947
