-2632
8789
6865
6695
-11680
9507
249
3286
12065
-13274
12124
16954
-2052
-5077
3857
-1495
-35
1472
14876
-14993
2040
-13209
-2289
-3604
-10551
7351
-17722
463
5818
-12865
9878
11950
-3071
-12335
-9965
3017
-15679
8555
-11025
1650
-12451
-12047
11924
-4626
-15791
19294
6226
6276
-2765
-15419
1513
-4775
4853
1106
7685
1229
12834
10843
-17207
6341
-4873
-8881
-12668
-1418
19453
1638
8907
-9020
15285
4168
-11818
6983
-14957
3538
-13666
-15725
3331
-10680
-850
-5081
-3691
3612
13794
-14108
-5750
-8384
-17245
-10366
16839
13603
13239
2722
6246
-19510
-7196
7722
-19690
-2793
-13190
-7962
3736
-15817
-19759
-4857
-5641
-8967
3727
-6671
17339
-18762
-5366
-7544
1666
4032
14160
4406
10431
-485
-18623
-3201
7179
1853
-7421
16488
10315
-11932
10061
9121
8233
6546
-2145
5845
-16727
1793
5487
16311
-432
4668
7967
13346
-4533
-2179
5287
-19546
6801
19751
2211
-14904
-16687
8441
-19538
19635
-13627
13776
-19258
10315
-729
-15025
10409
16156
113
-10688
2929
-8269
-579
9707
-15577
-9063
-9480
-618
2325
-2059
9535
18672
-2557
5989
-14575
-376
-17332
-12570
19630
6469
4518
19624
-9813
9892
13799
-9883
6822
19905
-18227
13868
13791
19771
19220
2598
-2381
7100
-11369
-7990
-8682
-9864
9118
1312
-2940
5982
2969
2662
16576
-7278
854
5963
3081
5007
-17282
-15477
-15906
8038
18599
-14812
1067
-12980
-10343
-18771
12256
18495
-4332
1293
-19277
11376
9311
-19033
10051
-1319
-841
-11
-8293
13145
-6825
9117
-13092
1688
-12133
-5557
-19423
-987
-6628
-13153
2813
-12746
1856
-6024
2631
-10059
7543
-4983
-6237
-3617
-16015
15115
17665
13921
17606
-19269
-16101
-11879
-18805
15118
-3530
-5952
10279
-18314
-589
-17497
-13306
-6950
2501
11946
-2486
13184
7929
19591
-19031
18387
-10842
-3294
-8691
6367
-6205
14900
9215
-10568
-16231
18640
17520
1013
15156
-15735
-15163
-9099
-17295
1992
18909
-16741
706
-9281
-2822
-9789
-3978
-17594
17686
-11007
8081
-13288
-19808
-4157
13562
1787
-19997
15929
16873
9490
5593
14053
-12379
-7571
-13569
-14124
12018
11786
-4660
-13368
925
5793
-17248
15591
19727
12909
11628
5628
7
8147
1200
4206
3134
-4938
15805
19290
19671
-9466
2503
-16701
-638
-5861
10726
17463
3258
6286
8638
-11951
-10511
14064
-19684
16226
8698
-779
9939
5426
-12565
7545
10756
-10776
3412
-8932
-16297
-13420
-1992
18744
11412
16927
19977
-4509
13579
9599
-13331
-17793
6727
-9133
6644
-14518
-9898
1017
8579
-5226
7193
-8631
3496
-9450
13966
15826
-5004
11430
16264
-605
-19531
-10502
-17009
19833
3861
4807
-7073
-9561
-8979
-17299
-10312
19055
-1833
-17876
-6407
-16872
6496
-13889
8705
-13366
16609
-7034
-5718
5304
11954
-3281
-19135
-14600
4041
-18979
17385
-1068
-19976
-7237
3962
-998
-4709
15304
-6374
16264
-7883
-17969
9404
-239
-8425
-4812
-8372
12101
11930
-1722
11369
15893
6282
-11664
3921
18054
4723
-13775
-6439
13633
17000
-5728
9114
4919
-11797
-6429
-7240
2049
17885
1943
13082
5098
633
-14537
-9061
15577
-12218
-16590
13221
-10802
-11260
8721
-8661
-16299
-3747
-6239
6815
9485
-19507
4292
15317
4760
5295
-9648
13380
16621
-12606
-8721
-6646
15882
1369
-1075
8620
-1724
-3633
6047
17035
621
11560
-3107
-16480
4672
-3882
314
1691
1269
-3781
6744
8513
10284
6864
-1217
961
74
13955
14293
-816
15424
14348
6914
-19244
8558
11394
-3196
2196
18817
15416
2604
-10802
-10293
5823
-15226
-10543
14930
-13271
10455
10044
10162
-13233
-8090
12417
-18094
-4352
-16958
-18441
-16579
-537
-8233
1653
14062
4757
6382
-4187
10021
-10666
10953
-5753
17894
-3249
1402
7985
16212
-7032
-7938
-6214
4671
-1416
-1381
5354
4670
8616
9239
10808
13557
-1974
8960
-17644
9589
10199
17157
9208
-13456
6375
14151
-4231
17368
19811
-14104
-10125
-19430
-5226
11438
1318
-1569
-11407
-10424
9944
-19246
6077
-8637
-16246
-12740
18591
-12255
-4605
-1692
12471
6943
6723
6074
250
-837
-13094
15691
16085
12385
-16785
-15579
7490
129
19771
19429
19468
2555
-353
-17698
10107
1025
6624
-19090
-4704
15190
-3280
709
-15852
-10451
10675
-17007
14545
13651
-11719
-11580
-16389
-18393
15589
-11883
18329
-16913
2852
-8863
11456
-4455
-3769
-19667
7909
11914
11259
19998
-5034
11318
-8854
8281
-14145
15531
-14490
18560
9599
16221
16848
-2835
14494
11650
14990
-19335
8798
7452
12237
6901
-149
-11833
-10666
-12415
-10514
14100
11163
8553
-18055
-2305
8940
-17434
-5443
-8636
-14940
-860
16491
-18831
-2734
-13532
16857
-12750
6110
4110
-1589
1638
2774
-11748
-19911
808
18246
8974
-13468
-12807
16409
-15799
4703
13918
11843
-9789
-13171
-12443
398
-4504
7152
-14097
17314
4160
-9447
-23
7432
-770
10865
11199
-15968
-2134
-9748
-15006
-17832
8372
-15032
-68
-7911
19333
-17716
13887
-9522
-19195
9899
-13973
3637
1360
-16504
-35
13348
-6127
6523
4724
10163
15050
3448
-6353
4216
5427
-3260
5969
19998
6280
-5009
16634
8372
-6813
-16873
10753
-7589
-7394
-2811
-16714
18139
-19884
-4022
11343
16151
10307
-12221
4499
8047
-5889
3034
9889
6270
4516
-13527
-9850
134
-17589
-19180
19760
11907
13350
-10530
15705
939
-10425
19639
3483
-9644
-4660
1118
2603
11164
9696
1917
3875
-15479
-9517
3013
-91
3928
13678
-10064
11231
-7657
-2620
12557
-15119
-2069
2413
-3117
15894
2533
6756
16981
-6357
9288
15063
-188
-18802
8897
16562
-8001
1852
13852
-18870
-268
-1898
716
-10434
14296
10221
-7392
-12023
3273
7103
1898
-9401
18380
-18288
15235
10158
4968
-14496
15133
-1478
-11893
7073
18557
-10346
-14546
-4964
-19818
5849
-12030
-9048
-11499
-11412
7132
-8722
10869
-4135
15523
-6973
-12976
14645
-7764
16521
1631
12237
-5834
5147
2172
7809
1752
-5008
-16675
4408
13234
-5648
-13678
-3068
-18509
3907
-15941
2108
-10877
17372
-18027
-12033
9684
9080
18103
-15694
11960
-12469
17964
-15599
-11670
-18277
19528
-6352
-4580
-543
-10056
-18997
-11483
3541
-17048
4098
18436
10354
14585
9476
4166
-904
7877
17134
-19067
16538
12885
8309
10185
-4609
10283
-12235
-15226
-5639
3410
-5243
18539
-5034
-3099
2126
4391
-14134
-12672
26
-3934
16745
612
17930
-950
-12355
3424
5870
18961
1872
14898
16751
11311
-4682
1100
-5995
-6807
-11777
-16520
3323
-17488
-13420
9968
3757
-17961
-19162
17597
9144
-15474
-14412
5234
5424
-17641
-6666
12273
-12462
14435
-10693
-17898
-10377
-4774
8443
14488
9947
12923
-6773
-6950
-19009
4988
-18343
-10727
16539
-18177
13065
4377
-268
11265
14538
-17474
12779
-15142
10229
11442
11229
-4659
-3500
-14950
-12104
2808
14223
14932
418
-13190
-19319
9369
9468
-1627
-2583
-11385
-4088
-16806
7427
-403
1215
13503
-18142
4435
10968
-1035
2066
-6469
6974
-5605
-12792
-16991
7693
-3269
-2163
9637
-19
7699
-13512
-17489
-1353
15839
-19555
12664
10305
-8586
5683
-2856
-6423
-7853
-14912
-9844
12683
10606
19175
10336
-16109
19270
2505
-16394
-13079
19993
14851
-11851
17446
-5426
-4423
8436
-9787
-966
6618
-14803
-12183
-4725
6938
-6316
-15414
8657
12478
9130
-10728
-12084
14052
12589
-6311
-4603
-16000
13282
18064
-12800
7565
6436
10854
14773
13481
-10856
-1803
-3478
-6449
3721
-12877
-17076
-3625
7757
19047
10362
-17650
6330
-11507
-4966
12607
-1829
19073
-6720
19695
7235
16917
17552
-12387
-4871
-10709
-19399
16776
12104
10589
15670
357
12940
-15285
8738
-12981
-2201
-13136
-11353
5941
12992
17651
12952
-5355
18908
-2224
16983
11283
-16850
-30
9326
-3633
-13132
-11786
5534
-13439
8787
-1772
-7729
-7979
555
-17845
-11627
-12758
15945
12059
9233
17955
-18759
-5448
-433
1742
-16849
10462
-16149
5942
881
11686
-11598
-14445
-2260
950
-7982
1721
-10830
-11810
4997
16613
16830
-1434
7313
-8141
15785
-7488
15811
11848
8526
-9480
18426
10124
6574
19162
6554
4705
13014
-8052
19104
14034
15016
14193
16295
1478
3178
7082
-14265
2804
1175
-18933
7773
6798
11993
-10886
4826
9037
8656
-1986
-10692
-975
12916
-8441
-10805
-2105
9926
10170
3796
18872
-1204
-18673
-16426
1635
14961
14420
-12065
-13083
-16342
7850
-1359
1247
12320
-16640
10353
-10694
-5837
15915
-11186
-6858
19553
1951
12881
-14996
16515
-11770
-19508
-11694
-4782
11511
-4733
-13556
4739
7461
8866
-16720
-10469
-9971
4268
10727
2542
18379
19834
-6302
-15781
4203
10897
2599
12129
-9712
573
15360
-18037
13385
-17250
16902
-705
-8962
-14442
-7829
-18826
4302
10520
14129
17702
-13681
-8615
8267
5028
-1581
-7305
-7435
-3561
-3154
-8945
14675
15171
14231
-16250
17272
3700
11970
-12429
19687
-18738
8248
-8961
8904
12024
17125
11673
11838
4230
11480
-10219
-10590
17072
6584
5540
-16073
-12672
-15146
-16996
-10720
2232
-2380
-15693
-10872
-5551
2059
-19476
-18989
-19257
9742
-18873
-16439
-14277
3949
1990
16335
-18711
14495
-15730
-1068
12894
-13321
-10229
-6495
-6777
-16832
15926
-4868
11347
145
85
4463
11462
-17137
-16596
-9165
5224
10752
-12879
16492
-11864
-6726
-10287
14213
407
-10815
-15701
1425
3605
-679
-16119
-222
16771
19256
8667
11145
-17274
-11753
-10348
5530
-17148
-15483
9171
-6134
-8954
15258
1753
11116
-13780
-5418
12511
12140
-1501
8744
-18812
6184
6932
-5962
-18960
-8328
-13715
-11903
5396
-17403
-6192
16267
15562
-14011
9901
11468
-14359
-13560
-4949
15567
-13037
8853
6731
14780
-14979
14656
16310
-3435
11603
-4416
9541
954
-18540
5661
-7360
19000
8136
-8747
13961
12629
4068
-6334
-11227
4811
5203
10064
17174
-6809
-11894
-17325
9862
-9739
9049
-6177
12036
7568
-12003
13232
-623
-11640
-6909
10404
6992
-7776
65
-6156
-13298
-9902
19536
16567
-15974
-11210
7946
-2284
-4347
-9559
10393
-7498
17531
-5020
2023
2354
-14291
-4426
14132
-9489
13391
15147
-10250
15636
10482
7933
13263
-2844
16856
12742
-11194
4119
4541
-19602
-9987
417
6012
17390
6158
11893
-2676
1565
13703
-19313
-18328
-8356
19167
-19484
7778
-17659
-17052
-2260
-14294
-12099
10886
3685
-11234
-9519
13218
-3797
-9620
7317
15168
19085
11276
-2625
-8502
-3447
3713
-7252
2629
-18357
4549
13124
8649
5708
5595
-992
-19675
8795
5412
-6448
9293
-13483
-11015
9901
-9372
-2017
-19361
-19722
-17842
2771
-7566
-12972
-16163
-2003
-17878
-8701
7296
3536
-5536
7394
-17759
8755
19978
-14622
-16461
11610
19926
3298
13105
7411
-8188
18435
8653
-3102
-5867
-3777
-17992
7663
-15958
15925
-16509
-13125
2633
-13964
-9826
-6869
-13683
-4254
-12093
-568
16573
-19239
2162
7954
3924
12533
5326
18482
3145
15882
-4626
-1947
-10909
1519
13333
-12385
-3360
-16435
13662
-7777
-11139
-16307
17425
-5657
10242
-3382
-4687
-9592
19324
1695
13249
12862
-907
1774
17900
8337
-10474
10605
3481
14229
18299
18039
-4732
17149
16142
10709
-19859
866
18238
-10593
-5981
-2426
7441
-18029
10439
-6362
17049
-11026
-268
-14671
-4032
5988
7401
-11824
9280
18232
506
-3704
-3987
-17267
-15636
-2725
15489
-9132
-12664
12736
2877
-11570
1227
12702
-9375
1657
-3871
14897
7172
-6718
18077
-6047
-10981
-6575
-8052
2116
11153
-2158
-591
-15620
17919
11482
15711
-17179
-6167
-2839
-14168
-4406
-5387
-2892
-18192
13253
6450
-14697
-5469
9003
-1966
-1903
5160
3347
-13856
-17123
7779
-18975
-9491
-15814
-3194
72
9651
-18318
-14243
-17986
11058
-2751
1254
1810
-16882
2395
-2817
-1860
-6510
8963
9992
-8783
-17731
-11800
-18931
-17167
16831
2691
1558
18576
-7769
7257
-13975
15486
10371
6646
-8205
-8249
-10351
349
10109
515
8097
-12735
18359
6160
-17154
7914
-8763
-10862
11589
-12406
-3258
-6884
15959
146
15626
5096
-3067
-7179
-10649
-14822
19323
-5632
8873
-7663
18144
17639
-6615
5054
-15495
2890
-8000
-8409
-7732
1034
10344
-18967
-5785
9446
-13085
5752
5015
-4876
-14246
13764
-10773
14376
8400
2925
8060
16773
-16996
1723
-9292
-145
7307
-18677
-16058
9648
6443
16407
14975
7810
11713
3605
-4317
-15865
-9196
13462
13218
7183
1905
1076
-6342
8555
11416
19913
16460
-6118
11494
-65
-1727
10393
-636
3428
-10322
10615
10730
-15916
4227
-8861
10773
-14713
-5640
-14950
11515
-8162
11072
8018
10421
-15970
-5728
-7999
4922
-4744
-4624
-11383
10994
-7733
-5277
-16826
-8490
-4507
-1102
1057
-2744
5214
-19890
-4100
-788
10491
7499
18394
2629
15054
-19095
-11675
1734
-10894
-13280
14942
-2775
1631
-2320
-13539
1676
-13816
-715
-19540
15578
9582
19352
8115
18723
-14028
10905
-6143
-8349
11905
9559
11946
-18990
6559
-3799
10797
-3614
-8334
378
-15239
4024
-15496
11986
14590
-16524
9040
-2589
-18151
-16305
-16973
16909
12535
-11687
-10111
-5177
-1585
-12574
759
-12361
-3263
9166
-14783
8872
7404
-14940
-16432
3729
2008
2320
3595
-1951
-16170
-17490
6373
17187
7188
-9206
15346
18153
-18291
19665
1792
9605
-11515
747
2000
-19452
-15748
5535
-8503
11546
-11909
-16192
-703
17676
509
-4045
-6271
17725
4440
954
2388
16127
5099
-1513
-8364
7919
19862
19552
11395
-18833
-12760
13925
19944
9713
12160
19059
-12295
-1943
-11594
16436
16216
16340
8000
5835
-3658
-15727
17034
4979
14074
-1371
12399
9380
16124
14264
17052
9370
16863
-158
2242
-18113
77
6331
878
-18551
-16259
16639
11525
-5435
6061
11773
-16227
7830
8846
881
-5464
12227
-8664
6069
-4853
1269
1388
-5245
19206
3276
4977
-8956
-3722
-10181
15989
16648
-14292
-12286
-15774
8653
18026
18799
108
-10236
-13539
14965
-947
-5438
-19712
-19690
-7038
-10788
-19619
14571
7284
-8250
-10496
10581
-5001
5155
-4657
5313
12957
-17177
-14442
-10750
3401
8126
-10891
-19492
-11277
-1918
-9334
906
-18493
17051
9792
-14717
14102
5808
19822
16955
-6931
9155
3196
4739
-11443
-2878
-10198
-14169
-10790
-15076
4361
-14453
-10978
13507
-8466
15950
-13013
19924
10498
-8624
-16767
18273
-12067
19908
-6332
6463
3450
-11830
-16293
-15552
1560
-2588
17840
406
-9474
8853
-1760
18030
8534
-449
14234
-8381
-5993
19905
-15133
-7878
-3959
5262
18330
-467
-16354
-16514
13409
-9192
17551
7163
3792
10312
16616
13631
-8499
-6404
18152
10844
16126
-13200
-10501
-10189
8144
19038
4853
0
14826
-4926
-12468
-16385
5114
2054
-4989
-9830
-19115
4822
5274
-3322
89
-5547
-18640
19630
-11860
7324
981
-9320
8171
-9919
-19309
17894
2983
13123
3232
7002
5809
4520
6316
11372
-12640
8724
7605
-2925
-4123
-11979
6858
19953
4229
17586
8207
-6407
-8762
-5071
16269
-15983
19501
1907
-7766
-2853
15674
-3875
2827
7067
-18584
4320
-18605
15469
4131
13793
-13674
-10980
4818
11750
-3199
17709
7939
13062
3168
18814
-13230
-19326
11020
10071
-1827
-18198
-15320
18167
-2442
-3734
2302
11983
-10622
-1880
-18913
-18603
14084
-333
-7695
11187
19978
-17993
8244
-6632
9984
621
590
2162
6975
-1404
13033
19703
-2020
7391
15013
13593
-2480
-5302
5307
-4366
-10829
11706
-736
-6479
6842
4827
17844
-5231
-5241
15802
-17832
19080
1007
-12477
11372
16994
-3104
6491
6960
-9057
6472
15261
-10335
702
-19812
19130
-441
-13728
-320
3649
-4480
12694
-14130
8565
-3281
-836
-2280
-4660
-7521
15055
7122
-3514
-11901
3359
18285
4381
-12934
8538
17555
-19615
1488
12935
-15288
-999
-19835
-6724
16339
-1008
-754
-9657
13968
2658
15060
9515
17851
14146
-9038
4274
2126
14426
-3222
18960
-13336
-4920
-8051
-16456
-16924
17989
-15680
19622
-5609
12486
11910
9985
-19249
-10710
10405
-7695
-4553
11387
5202
4043
-10622
-9220
-10326
12177
-14353
-13474
258
-3547
-6127
7355
12713
-2473
5389
13168
-18332
13460
12905
10110
10055
-18087
-2509
15409
7281
15201
5398
-4499
12935
-19129
5128
-3907
10916
5855
5849
6964
-4990
15726
16893
-9406
-11284
-3758
-16108
17697
6643
16302
-8914
-174
15944
-576
-5182
-13219
-1858
9504
-11958
-7811
4221
16560
8094
17471
8896
19088
-4500
16494
-17381
-4799
-7369
-4888
-8047
5611
-3030
-13575
-12805
9528
-12071
-10591
-6062
3041
-19491
10074
6457
16625
11185
13375
13869
15179
-3227
-8356
13454
-12230
-9642
-13695
-17253
-11994
3925
4033
2504
6462
12596
13604
-3372
-19251
-5799
-9490
1782
-9014
11179
4326
8461
15224
8574
-793
-15890
12505
14838
-17725
-3347
15477
-14327
-10977
-9917
6422
14670
4388
-11817
-16447
6457
19893
18444
-15187
-1884
-10702
14398
-16008
14922
4192
-10355
-4664
-10972
-11717
17829
-15226
7727
4688
-17892
-477
-13587
4167
15438
-6434
-8121
14608
5016
-4382
9892
-17605
-10399
6364
9016
1514
-11320
-2631
-11653
-12790
719
-3537
-9277
19994
-11410
17106
16628
-1950
-13200
11541
-19226
18240
-18838
-2051
-5649
18842
-9195
11084
8831
-13414
13533
1586
-10057
-19681
6566
19216
6876
-16888
-1420
-19932
15649
-11934
17465
4364
-3512
-13970
4357
15236
13281
-12353
19830
-19142
15932
-5518
-17276
-15328
-4589
-19102
-1571
2308
18878
-18394
-12845
8047
12087
6631
-8470
-11178
16542
16807
-13838
-3685
-14555
-7719
3232
-812
-11655
-548
-16603
-567
12603
-11356
-7695
-14334
-7396
19915
16655
-11442
6787
-6002
-14604
1590
8055
-3167
-1509
-2438
19984
363
10725
-8020
-16987
8773
-248
-17637
19296
11666
12405
-18544
11339
-4676
-16517
1495
6597
14444
446
-16869
-1501
-15638
-19681
6687
-5075
-4143
-2709
6234
-9601
1323
845
-19438
16696
-12161
-19248
3082
9345
1449
9747
-2255
8784
3318
-16620
-6189
-8104
4608
-4518
14069
14598
16142
-8074
-10842
-18269
-9568
4345
-5963
14773
-15897
4135
3468
8780
3045
-8230
15845
-18009
1204
-10600
3694
3039
8527
-10372
8020
10369
16375
18309
14838
16792
-1365
5655
-1849
-6581
4261
-19529
18064
-12496
880
3934
-17940
-9000
6183
8828
-15149
-2186
-14589
-4938
-10637
11603
17534
-17650
7390
9361
-14124
-8366
8870
-4273
-13084
15849
17283
-12301
19093
-3777
-13502
15087
-8648
-5335
-15689
9201
-18244
-2548
10180
-15973
17905
18222
15557
18773
7051
3285
-12552
-3228
16656
2947
4387
8842
14973
17667
-15797
8183
-19226
-19326
-9740
-16649
2372
-19719
-19410
11584
16055
4511
-5744
-10742
-11637
16820
17763
-13245
-15635
-7636
6397
-8450
-3440
-620
11119
-11607
-6946
6702
8563
-19851
-15526
1792
3979
-3493
12718
-10037
7685
14262
7724
-9247
-11135
-17127
-12469
17569
11862
13082
-13857
-19520
9314
-10096
-8085
-12255
-14871
-14982
-10274
-15579
-2872
14260
-7753
-13227
-9299
11651
13899
-3952
2883
-18391
2853
-2316
-9717
18890
-18623
-3613
15181
8539
13415
-8894
8325
-18884
-2277
4435
15736
9064
-16538
-5588
9895
6833
12746
13345
-16511
13310
6173
5440
5145
10928
-18767
-13225
-9458
8567
-11313
-144
-5367
-7887
-8859
14073
19616
1649
-1102
14092
1599
12141
10413
13940
-12476
6726
5611
12335
-16075
14977
19994
1064
-3308
15707
8319
11007
14049
17746
-6417
-2111
-7601
7548
17312
17501
-112
-4219
-14754
15110
-6216
-17329
-1935
-16157
-10847
-6316
-8936
18455
15488
5120
-2936
4171
-10279
2395
18214
-16546
-7103
-8012
7556
5265
6129
8826
-18553
2743
4175
5063
8147
-10762
15967
770
15617
2095
4980
8070
-12475
-3300
-16023
-13728
8292
19854
18988
2841
631
13905
17928
-6438
11704
-13942
-1626
10138
17198
5662
18356
-4822
18519
-1635
-9772
10865
311
-18826
-19993
-17906
18668
1979
6979
3912
19990
-14848
7991
12220
12184
-12739
-11305
-4184
15672
12071
-8316
-5223
-10935
9556
-16848
17821
-9489
-16256
-3972
7043
-9939
16176
-11743
14643
13043
11012
-11275
2339
5150
7452
13599
-18018
13764
2874
-4291
-14966
5588
-10480
1863
5403
-14777
-6027
19051
12604
14623
1798
-13775
9038
219
-13369
4250
3784
8492
-17622
14310
15636
12593
16408
-1228
14574
19444
-18743
-6499
263
-19647
-1763
15407
6250
6728
15804
-17519
-13312
-7062
12552
-19318
-355
-7275
9137
-9200
10925
-10270
-4558
7396
-16188
-15086
-1763
-19650
18491
13457
-4022
-9171
-5882
13738
-17018
-4508
-19909
-2741
-14455
8114
-4438
-19470
-9882
1917
-6856
-3306
17352
-7696
-6291
-3959
-17256
11859
8244
3651
19479
-14372
17032
6546
13405
1152
4394
12919
4737
-11441
7487
-4308
-5009
-18879
8018
-19519
19582
-15812
19114
4982
6339
18822
19547
-13191
10249
11825
5740
1864
-1919
490
16493
13884
-7333
-8122
7494
-12984
13596
1457
18289
17715
1502
2713
10985
8479
-4622
19592
-5542
1961
-8914
10647
17283
-12991
6177
-2747
5376
-5174
17111
16061
1661
-12635
11536
10245
-11920
-10783
4805
-18112
-11198
-6890
17191
-15797
-5745
-4616
17836
3591
5015
-13981
-13573
-16050
-10639
18220
12497
5990
-10936
-10319
18370
-8048
11286
14142
4863
-9065
-2655
18105
14781
-18263
8601
5853
-6774
2623
13000
-15437
16824
6837
-13503
-17969
-7262
-4353
19111
1379
4721
9243
7623
17829
-17415
13459
-12446
5839
-8229
18230
-10427
-17177
3819
-3926
-9264
-4069
9248
-5775
-12159
-17808
3822
4983
-17572
15536
10736
15845
-958
9659
1275
-14968
-16576
16102
505
14249
-4460
-17719
3312
9069
4789
12802
-9623
18976
-858
-10391
19834
-18857
9443
-15823
-16793
-18338
177
-9103
-7009
-5772
14802
10864
-15576
920
-5020
9389
10447
-12043
-7708
-19518
-9780
10468
3770
-14394
-7815
16013
-15109
-11705
5166
2517
17005
10048
1611
-16743
-11024
-13403
-16858
-12674
9004
7022
-4992
-12500
3062
7674
-10872
7654
-16399
16642
2330
11938
-7399
-11290
6377
213
11460
12297
-11872
-1653
5767
6226
2616
-6252
-16879
-7046
-2422
16740
6459
-18879
-7891
7718
-62
-11331
-5505
-13979
9365
-15153
-16854
19683
19377
-15683
4907
-12409
5925
8896
19742
-8659
19033
16131
-15830
-18203
-8810
2536
2982
10029
5719
-16664
10481
3688
9982
5273
16877
-2629
-15911
-18563
-4718
-15559
13227
-3958
5913
-13035
292
-4352
-3692
3208
14969
-16167
-5581
12661
-5967
17065
6203
10928
-17476
4911
12581
8018
-1814
-3472
13614
16681
6538
-13648
9053
1210
-11304
5664
17806
-11228
17914
-9452
-10628
-11582
19114
-13981
-15750
-9786
-5721
9996
10306
16626
-12453
-18616
18044
6714
13986
9776
6208
17898
13862
16369
-10666
3522
-4452
18574
1047
-175
9564
-1859
-14529
-497
12749
-7277
-3665
-9739
3336
17693
-11923
14210
4333
-16246
3846
-763
-4279
-5313
-19977
-9498
5508
5432
2866
17930
-3312
-16810
-12155
-5261
19675
16361
16557
2571
14837
19454
6948
-9697
-8223
14780
2739
-14445
11600
-6763
-8958
11753
-18473
-1503
-7519
8337
816
-19400
-434
-4151
-790
-13999
413
-6557
-16577
-5790
14241
-18969
13223
-12317
-1302
-7875
-2068
-19069
6270
-1970
-8773
-19649
18927
984
14439
12822
16247
16200
5850
18596
-7845
-16663
15043
-9368
6855
18981
-9582
4336
-2716
-3218
15845
-8191
15796
4758
6688
-11406
-18844
-19176
4746
854
-2031
19460
10099
-9872
-1216
-16359
-16280
10688
2815
3203
15584
-19567
5105
-13334
-1018
-6707
3853
6069
2224
12271
1058
19998
2349
18701
18418
-5644
-10261
9811
-7455
6269
-3576
-4884
7458
11216
7302
9814
19982
8436
16228
-5184
1279
-12330
18106
-5621
-15852
4818
-12032
2350
-16867
12811
-161
-10413
4235
560
-18302
-141
17878
-2526
15003
-8448
3881
-1206
5336
3527
-5868
19004
-5717
-16770
-3669
13296
15560
19504
-17879
-9178
7089
19221
3637
6699
-12866
16929
-7142
1209
8249
-3177
-3452
6699
-11278
-2392
9249
12443
-7290
-7777
-13452
-19107
-14502
-17923
-15260
14967
10741
-17329
-19304
7606
-6884
4545
7004
-17418
-10202
-17402
4543
-14704
-9259
14718
8041
-395
-9634
-1666
6619
9503
-13371
771
17969
-12965
-4396
-6350
-3777
11586
15440
-6772
4994
-10413
13618
-5173
4966
-5539
10887
9383
11609
13434
-59
-9293
-17022
9606
-5278
-14260
4702
4832
-4843
5353
-10325
-16679
-7856
-2942
15994
-19949
15958
-15749
5975
-1755
-19997
18388
10733
356
-17903
16534
-19407
18245
-16977
-5328
-3785
13615
-3245
14932
15274
19535
11997
-2212
-9923
7747
-4060
14294
-8343
3810
-8044
2273
10297
7582
-11567
10601
4252
7394
-13853
-5216
-17215
-7284
-14703
472
-13366
1244
3649
-11272
13984
-16272
4331
7007
18326
11109
-3181
18260
7874
35
-6959
-2865
10479
18157
2424
-12478
1767
19529
-6283
4064
18389
14123
-5649
-11511
-15167
-4672
-8014
-16560
-9113
-735
7836
643
18965
-17131
-15547
-10863
4418
-15801
1864
-16014
4639
-6312
-3985
-5548
-15342
-5430
-11588
9385
2143
6165
-11992
5783
8412
7583
-3702
14050
-1738
4762
12287
3505
15910
5795
-12587
-7624
10876
-7645
-2448
8302
-10879
-3345
-17100
-15649
12577
-3453
1969
-6883
-10765
16929
-14913
-945
-2172
17910
13114
15715
-2747
13792
-14666
952
-4436
-14421
649
12577
17759
12881
1658
-18927
-13116
-19147
-14614
7266
15133
-3075
-4759
-2010
1584
16358
9674
3636
17315
-19340
-10154
11483
15093
11108
-6731
19479
-13958
-9781
-18542
-6420
-11142
12975
5126
3316
17964
849
-12705
-46
950
2312
-722
11801
10793
13773
18720
-17252
-13105
-11059
-882
-11667
18761
-7574
-17315
-8217
-16616
-13225
-6431
-19042
17787
11623
16466
17581
3078
6642
3571
2436
-18753
-9278
18697
-2484
-3223
2533
-12692
-1450
-3535
-19916
2362
-19473
5768
3727
-280
-13703
-5695
19705
-11130
16715
-3757
18339
-5798
-1166
-3274
-1910
-16582
9826
19005
7175
-1393
-13535
18340
-8831
3609
2935
-8218
-7982
18270
-19652
422
16165
-4411
18147
-2482
-18373
-10883
-3606
16883
19356
14139
16689
13191
-415
-292
12901
-10636
-2668
15540
-4138
11841
3243
6689
12148
-19939
-7232
18124
-927
15221
-7248
-344
12013
-17550
3750
-13978
-4132
759
-12777
14883
-5161
-5745
4308
1456
-9110
13209
-19149
134
19796
3917
-10119
5125
-15229
8887
9245
13179
-17022
3252
14746
12479
-17122
-12971
-13003
-13632
-5818
2278
2518
-16227
-1550
-5761
4908
17822
-1193
-11136
646
5586
-10462
6835
6368
9779
-2565
-18165
7680
9047
1777
12883
-497
9061
2996
18983
11279
-15134
-17203
10121
12346
19879
-13149
-15523
7063
-3394
-19584
7420
-18096
9203
-19606
-12996
14742
14651
11638
-6645
-5698
-4600
-1875
17861
-11321
-2452
-10205
-5145
-15247
3214
6820
8406
13956
1608
5734
-3092
-14104
-17969
2494
13080
8072
2035
-11028
-14233
785
16445
-8441
4862
16685
-13977
-5258
-10006
-8500
11159
-1846
-3815
-8586
13617
-14037
-269
-14140
9011
17931
13750
-9976
16663
-19207
-19422
8723
11394
17132
-18011
-55
18374
-7876
1796
4253
-9916
17822
-407
-4511
15020
3923
16790
10189
-10085
10007
7935
13246
8967
13658
15582
17094
-3697
12494
12696
-13917
5009
-14574
6752
-7614
1276
10080
-13305
-133
-5447
-17526
-1002
16942
-9141
17206
12348
11784
2088
7052
12254
-8464
-11697
2855
4035
6071
14333
-17797
3357
-4026
5854
19988
-9313
-9697
10498
11616
-3391
6929
5806
-3635
2954
1359
-9271
-19877
-19567
-5077
-16273
13200
-3602
-6155
19524
16020
13737
-781
-5054
-6771
2187
-711
-12441
-13802
10139
7492
-11871
15445
-8830
-14046
7989
-1555
-8769
-16848
-19997
13639
10368
-9664
1143
6295
17758
5939
-14008
19661
8750
-13313
19141
-14667
7384
11690
-11551
4221
-17626
6660
15953
-17786
6176
19427
-12254
-12065
-6
9590
-1608
12552
11178
6903
1647
-16916
2413
9325
-14626
19704
13307
11151
-9347
18944
-839
7300
-10112
-18431
-14201
11306
-4406
-3571
-1669
15025
4816
-18302
18753
-17069
-8846
17426
13444
5228
9193
-4949
-14611
-1574
-17799
-7861
-18047
-7759
8855
2773
2324
-2282
-3463
-19227
-8050
13479
-11650
-8725
-9794
-17826
16302
-10286
-13883
-6655
-19513
-7709
9822
19113
1864
-7698
-15929
-14681
15651
-6498
-7919
-19920
-5196
8975
12954
-10764
5926
10528
5548
10379
9531
-11043
18756
-162
3513
5166
2623
-18519
8420
-13588
4273
-17788
433
-2123
-17486
6863
13639
-10699
-4103
15218
14982
-6758
2907
17306
15862
-13679
7604
13660
7035
6972
10419
15192
17728
3679
-4719
19673
-9577
-7720
14535
17498
7686
-14495
-16050
14513
-18812
11477
-8766
15605
933
5256
15870
19343
18821
-13933
1717
-11242
2930
-5544
16554
12020
17020
6073
5741
-12024
-7234
-10419
-4918
-3754
6583
1212
9493
-591
-15655
-16609
1747
-4843
-18555
10661
-15472
6477
18071
-1480
-12097
-2550
-4849
-18267
7173
15925
-5804
-19576
-7773
-19152
-8200
4047
12951
15733
7409
6891
-13682
-13978
-8175
12352
-18579
-15873
-7625
7935
-10815
10273
6467
-6125
19935
-3346
14190
17671
229
-16215
-5971
-1900
6300
15284
-15135
-5646
7342
15270
6464
16824
2615
-7313
-9941
15053
15339
-3240
-12239
-3169
13488
-9387
-10700
3836
9386
-1764
-8676
3692
9477
6356
18262
-8642
-1285
9071
-9463
-15072
-8768
6370
-14883
13019
-7547
-10475
-9245
17765
-5344
-4270
-13170
-15862
4912
13532
-423
16120
508
-16922
6275
17439
-8922
15409
18263
-6255
-18431
9293
-19145
-16737
14500
-15705
-12643
17087
-7826
3822
-19633
-14671
9928
-3363
-18659
14050
3172
-16678
-17975
17979
-3568
18108
-7613
-12587
14481
-10154
-10599
11696
5254
-954
11864
-2419
4704
-350
-1133
13256
6805
-4670
9702
-41
3884
-11438
-2569
-4548
-12224
3719
14886
-7526
568
-11218
-11348
8584
12716
6632
17680
19036
4163
-2845
7537
-10829
-801
1020
17859
472
12158
-19810
-10857
12560
2415
1997
17502
9314
19027
-18635
19137
6606
-7151
-1487
3923
4335
-3095
-14980
10131
-5108
-11980
2492
16395
10777
-5568
19348
-12548
-562
-5454
13439
4882
473
8172
6364
10939
-14159
9020
-14182
-18411
-12581
-15561
18624
-11296
-19784
15716
-14494
-15512
-4595
6258
-2752
7178
-8916
-9477
-18153
12065
16358
-8513
-5399
12543
15378
-6227
18151
-14569
7457
1211
15153
6889
2846
18125
-11922
19741
6762
16882
11214
7268
-11116
15760
19781
-17137
-13082
5528
-15184
-5529
18026
11505
-5257
5574
-6674
10596
-10609
16776
-4044
8457
-4127
10477
-12742
-2421
-4432
-18382
-9598
429
-15359
5718
-13237
-3070
16162
-7803
3478
4923
-19398
-5064
19525
14942
-7036
18162
10995
17181
7982
7042
-2196
15454
8659
-5633
13807
12888
-17183
-8477
-6261
12095
-16865
-11680
18078
-8129
491
14128
-7233
14705
-4817
2190
9933
11055
5985
-1420
-1228
11490
-17375
-14769
-9085
-998
2414
13978
-3765
1125
13460
-9189
-9401
14286
2772
6423
6486
-10727
-19247
7760
18009
4346
-19642
3702
5807
19480
-5240
-825
-10191
12961
-13723
-2737
7388
-7421
8906
6112
-5742
4975
-7756
-15151
-9304
17866
-213
12213
-14244
7692
-19271
3174
-1099
-10489
14562
-16479
957
-1726
14548
7517
13840
18944
-18589
10562
-16403
13771
1422
-10125
16361
10641
-1873
6381
-13412
11298
-14948
17353
-4621
-4736
1743
211
7625
-19528
14816
-16004
-13497
15724
-2739
4334
-8676
6015
14139
-551
-9046
10653
-1403
17669
2133
-16287
17555
-13355
10217
5910
-8500
-15767
-5291
1154
12773
-3429
15475
-7504
-9757
-12541
-2083
-917
8476
-9568
4991
14747
11687
-15479
7012
-2465
-13596
1685
8940
8726
13874
-17344
-10274
4636
-1127
-16545
-17919
-13151
6501
2061
-18166
2235
-10579
-15110
-12413
14514
-9828
2841
17189
10679
16264
-3778
3200
7176
19959
-17004
-18884
17802
19898
-16569
-11113
-787
10923
-13107
-18580
-18449
15166
-5994
-18016
19570
1904
-481
2241
2455
-12046
-550
-15867
8440
2572
16976
19489
-5341
490
5045
2804
4713
5184
-1842
-18541
10692
217
19938
19636
-2208
-15087
-9662
-1538
-5661
-11533
-17753
-8787
15856
-1235
-15051
13728
-764
-5789
-11553
14828
-15816
8886
-3764
-15503
7055
-9989
15708
10552
-11491
-7126
-2845
-5912
1497
16400
-11368
-1780
7264
-3698
6430
-7984
9659
1544
16345
14085
-15245
1397
-16814
-5681
-5892
-15444
12092
12654
-2305
-9203
-4855
15818
-16532
-19766
-19480
-12500
3182
4953
11394
7303
2507
3295
-637
-9854
-16947
8095
9619
-10594
13633
4557
1452
-16266
-3687
10282
-10895
8919
12672
13799
-2401
-3045
-15728
3586
17639
7540
14761
-14333
4855
-15995
-19981
8852
14986
-19614
1779
-14306
-12640
-3781
5393
18750
-8363
281
-9341
-7793
19266
-2119
-9675
-7398
-8026
-14567
3861
-13067
15091
17802
-11089
11776
9510
-8086
8669
10143
8160
-18113
-5864
-5611
1388
-19797
-13972
11329
-4324
-14051
-13306
-2729
-5405
11260
4018
13002
-7830
19142
1777
13750
-13258
2290
4934
-12378
-2322
-12057
-13033
-18885
8389
745
10702
2466
13680
13680
665
6942
11331
1711
-6373
5930
-18114
9385
-16119
-1819
16384
-13662
-4
-1938
1208
18076
-15566
6140
13836
10673
14295
10779
15613
-2503
-10324
-8868
1313
-15651
15917
-15576
-872
-9761
-7017
-3677
17681
-3626
14987
-1856
-9918
3708
4215
-18161
7473
1980
15180
3569
-6686
11486
-131
-15339
12382
-17307
-2749
18668
290
1179
4890
-9488
3208
11085
3963
-11877
11815
2791
-9756
-3384
-3552
-14185
11300
-11462
11002
2651
-11697
14730
4482
-19660
6130
-16120
2210
-12789
-19441
-8514
9372
887
-16061
-15068
-736
-6612
-2765
-18139
-9569
-15310
-19622
4226
3303
-15181
14997
-15877
-1755
-13915
-6118
1708
-2141
16349
-616
15244
-8390
10854
1223
15227
12111
-2294
-2386
-16783
-3365
-17965
2170
-9501
17710
12017
-9464
-542
-13854
-205
19499
19152
5599
7360
15298
3786
9028
-18712
-18234
-19900
-12204
4974
-13892
-9095
13086
7855
15936
14055
-2736
-12164
14170
7893
379
-7870
-16404
2079
-2196
-13795
11912
15017
19767
-10420
18802
-19811
7661
-2426
-4045
17206
9219
-3616
-10261
11967
-15633
-3218
-13304
16563
6576
-12625
2065
-3785
-4018
-12476
-6090
4098
-2716
-5096
-9216
3445
-16704
14733
12051
-12692
9033
4438
-1903
-18091
-926
8798
-2599
8733
-4571
2899
-10318
5384
12059
-16452
-7720
4507
-12036
-13271
-7783
46
17072
9378
-7398
9136
-15206
-8578
2532
6668
-15485
-14934
-1757
1271
1112
12730
-6176
6646
19405
9178
2632
19131
18532
10893
8874
11630
3515
11225
-1003
15175
-8746
324
3174
17755
12719
14190
-8602
-16887
-7761
11486
10760
3869
-12312
10117
17368
2830
-10377
9478
-5590
-3014
8151
-8050
7363
-6155
-14336
19986
-872
2335
-7155
-4781
-12260
14392
8816
-190
-1843
-1761
3711
14064
3040
17432
8319
-10855
8192
4415
11363
-3910
-2399
-13231
12211
-5299
-10379
11978
13685
-17803
16007
-1606
17603
12124
19408
-97
17643
-8570
-14082
18190
19722
-14539
16388
-15130
16977
-2706
5180
735
8766
13045
18327
-8706
6923
-682
-10022
18510
1561
16098
-18303
13292
-308
-352
-2983
-15296
389
16473
18849
-5718
8293
-13311
15191
7885
-16604
2313
-1009
-4851
-8259
10503
-13512
10519
2745
13441
-2543
4874
-15574
7624
19264
-6842
-3784
12226
-680
-7743
4701
13214
6122
2
17055
6995
1184
3265
10886
-11125
-9127
-545
13180
-8896
-18661
5428
-9592
13094
-17111
-4525
-18262
15236
1729
14425
5539
7103
-2748
-5442
-15119
-1514
1484
-18800
18380
17131
-6854
-12630
6847
-11452
-1096
-13203
13071
121
-11025
-331
-5284
-11571
5002
-1330
-4363
8286
-19241
19359
1597
-16883
6670
-10743
-12402
-18177
19719
9880
-9352
-19125
3349
-369
11257
18919
18484
7066
11148
16964
-14608
17631
4132
-4043
-809
15198
-129
-2761
-16407
11474
-11452
-5
-3854
-17585
-6270
2866
-15420
-14938
-1124
271
896
3004
-3572
9027
-1604
19334
-9920
-9457
-16414
12335
-4956
-8618
17170
-14800
17239
-3735
-1608
8042
18472
-314
-38
-8998
-11785
15183
5528
-7828
16539
-3026
-13248
11707
-19769
-7037
928
10618
-5692
-7311
11070
2529
-9248
5087
18088
464
-1425
-3552
-7429
-2412
-16635
-2355
-19226
-12530
13121
-18862
-12557
7494
7086
13605
-19622
18878
10514
-14095
11711
740
-8057
-10535
-5155
-8607
10161
7945
16778
-18603
-862
-16214
14409
-18048
12666
16272
15209
12815
-7117
-15689
-7593
14063
2862
4248
9633
19672
9416
4291
8659
3213
-11491
5055
-14662
8088
4673
461
-5152
-1140
-17746
-9881
6820
3385
-12331
-2606
15461
-6254
5455
13419
4423
335
-2744
-5696
-12758
-17057
218
6829
-14148
15428
5593
17437
2221
-643
-520
12702
-6733
-13035
2727
3320
18359
-3040
1553
-18392
-16008
2143
15330
-12100
-17594
17402
-19851
16364
-15397
18074
-11139
-14952
-8512
16845
13223
-120
10858
-3195
-10680
11802
16506
-18035
6069
1323
19276
-10307
11265
5348
9204
-19990
-13824
13152
6598
16629
-12634
-699
-15130
-3464
-19579
2776
11435
-19959
9193
6696
19536
17840
8248
-5712
5050
-11082
-18551
1741
-19280
6165
-27
1155
1107
-19046
1677
14644
19553
-19325
1282
6036
7804
-19039
-6669
12262
2953
-13579
12005
-997
-200
12212
7350
-10678
-13215
-19919
-4028
-16994
-7524
-148
17214
4501
5032
-17058
18197
-10817
-15922
4555
14073
-7608
7274
-14358
5918
-18417
8410
15131
-1514
-3645
14192
11408
-4712
13065
12278
-10862
2207
16532
-7754
14559
6864
9541
17205
45
17169
18370
922
-4142
-12720
15827
13730
9876
-14503
7285
8528
-9278
9034
6825
146
-13538
-12725
-15430
12502
-18945
2310
-7051
-9188
-7580
13887
327
9462
6044
-5327
5606
-17244
10414
11702
-9570
-17890
7154
17315
-7114
-4363
-5383
-18618
10507
-13761
11147
11056
2357
-5538
12025
-9262
-4847
-9897
4200
-10518
13270
17702
1596
-1413
2610
-7129
14637
19281
-3381
1612
16266
-7647
-16213
-11611
14407
-5503
-12288
-509
5997
12677
-16007
-3445
5369
8344
-292
19469
-12129
-9020
-14846
12983
9917
1302
11534
-4223
-19210
6070
327
-10627
-1223
-10410
-15755
18912
-10711
6877
14507
1171
-4756
9126
18072
-16734
904
13533
2629
11930
11434
12435
8418
-11419
-7052
-5267
-2696
-16603
-6086
19004
-9603
18311
19839
-2468
17890
10091
18890
-17858
-1181
-7130
14767
5192
10112
12197
-17056
-15828
-2046
4624
1781
583
-9829
-2515
2534
13188
17342
-9523
7954
-11369
14357
11961
16959
-5726
-10418
-16664
3990
2989
-6984
-6341
-4355
-12952
5460
3007
15158
-9010
5497
-19354
12903
-1560
9088
-1132
9124
-5196
-6577
8286
2992
-6415
-8887
-13526
-14269
-18786
-4459
19190
-7868
10615
-1821
-12708
-818
-9799
-14622
592
12447
-18605
10613
1775
-17000
-8261
17499
-14686
-16047
6204
-9802
18213
-14232
-10220
12721
-9229
5055
-2351
4965
-3866
-9608
-1713
-9213
16665
355
10211
-8330
-3543
3146
-10190
-7256
9091
-15866
18141
14542
10146
-9847
-18729
7257
8577
-13821
16669
3140
3385
-4234
16282
6345
18812
8116
5008
-10634
10023
-6464
-17463
-5646
-789
16989
-19352
9485
3946
-10264
-625
-2642
14903
-7589
-2031
11945
-9712
-11329
3896
-17693
10373
-7958
-12346
16708
-2576
-5830
9699
3523
10817
14804
2231
-7432
4911
16544
4877
14520
714
9066
-16411
-2814
-940
-12000
12421
-1943
-12593
-18359
3155
-4302
7179
17852
-1666
15019
9349
9099
-14207
18454
2063
-19657
-5319
-17024
-7978
5259
12427
90
-12697
-3201
-3659
6421
19553
17653
-19506
4055
550
8097
-11347
18874
7457
-2587
-12085
-17560
-2612
-17622
16414
-18559
8797
-19764
4743
19180
5246
-2796
-1121
-17976
-19882
15303
-11603
-16041
-18313
8127
5910
-6158
3584
-13821
3353
-16257
-95
7944
-9080
1051
-16349
9262
-15950
6257
-8051
-8153
-12340
-17784
-9141
4436
-5800
-12902
19466
-2146
12619
-7788
1816
-15872
-6248
-12817
-3073
10405
-7400
15758
-12464
-11249
938
-13167
-19397
19879
-5466
-8437
-4652
-8908
16260
5807
15567
11743
12012
14398
4201
-2455
-3023
14612
8504
-17377
-4738
9112
-1192
-18042
12666
-8498
2159
-14177
-19870
13803
-11490
-6076
5593
14509
-13182
-3154
-19054
15888
8879
-13001
3735
14638
-5220
14947
-3021
18783
-8466
12971
8792
-18000
-8561
-15347
16114
4623
9810
2403
-6280
9273
-13466
-8238
-15537
-7623
19798
13784
3191
1404
-1018
-4825
10097
11797
16641
-11446
-747
-16915
-14282
14540
8438
-13657
-3319
13092
-6513
-5602
-10706
19480
-3949
-12293
5911
19541
-19699
-18631
9039
-19635
-16987
3878
-11012
14657
5089
-15610
-16893
-18449
686
98
-10052
18640
-301
-1100
17656
-967
1936
16506
-5131
-10887
12345
18855
10919
7742
19337
-2049
12947
4814
-6888
-9299
-7299
-10725
7311
-17855
471
-7632
-2619
-91
9969
-4366
-9390
-13100
-1957
10174
6086
2831
2947
17714
-4231
-10272
-6444
13580
-8658
17010
-8551
-17782
17566
11241
17954
-11636
-601
-19783
4548
-15590
10621
-519
15802
-7235
2604
10428
-6090
6747
47
4304
10033
-4809
1614
-17095
-8720
17180
-8705
-3006
2614
10703
-12666
-2112
3271
-1758
5476
19793
11296
-15380
-17577
12660
9538
-2916
-17576
-9877
-12508
18677
6514
-16075
4796
-8789
10303
19583
15574
4658
-1732
1946
-18628
-9858
-4364
-7430
19432
-4890
11098
-632
-19912
12178
10285
-11790
632
9398
-5472
8028
9373
6823
3551
1927
-19875
-6135
17880
6366
10717
-11827
-10291
14100
-17978
13649
1529
10511
-9392
2543
-16682
3217
18384
-12782
4700
-19306
10193
-5342
6916
-3211
5386
-19151
-8802
13516
-11736
-11111
15704
-1283
-11125
15083
2376
18770
-18158
13615
-13172
1889
-3851
-12203
13559
7332
10963
-6942
-9910
4690
15880
2085
5018
-6268
11255
8628
17534
-413
-18780
-16090
2488
10548
-5536
17117
16798
-8065
-3389
12292
-19499
7782
10945
3037
19744
2093
4459
135
17094
-879
5977
17685
19083
4867
6817
-1746
-9201
-12679
-11818
-8790
-1781
6713
-14819
18132
2197
-15248
-2491
18805
-19636
11313
1353
-7875
-1182
16235
1567
10872
-18657
-3038
11231
1142
-2110
12382
-12901
16307
17102
-10209
7851
-17865
-11305
19035
-13290
5996
-5933
12151
-18247
-15321
-8150
-18382
-11755
15812
-166
2450
15847
18798
-10340
-18632
12193
7140
11898
-12263
13899
6593
-9882
-848
-2289
707
-5713
675
19298
17498
8677
-1827
4706
7946
-6427
16154
1238
3256
-9753
11943
-6944
-1527
-3383
12805
17682
-14630
4979
6287
5865
-3382
-11308
12491
-11571
698
-11527
17970
485
18343
-1805
-9014
-6766
-5470
-11255
15416
1530
-3469
-7256
-11684
5659
-951
-4725
-5145
-16620
13138
15745
-13865
-7431
-136
-11007
1864
-7124
-17187
-13397
-12115
-11755
-5907
8178
-12585
-7067
-7791
6477
18656
-9058
-13878
16152
6762
-16136
-2288
10766
7780
228
-10386
8322
2012
1903
-15107
13203
-15484
17920
8858
5937
-7520
5555
-11480
6157
15638
-3244
17940
11452
16690
18927
19315
-14268
-19060
10539
-2683
17470
13740
1252
-7919
-13482
-17280
13919
-9369
-7328
-15296
10573
17057
-16054
1985
-18911
-14182
-12157
15591
12533
-10198
12276
-7549
-12056
-15150
5106
-10959
-5385
-8454
10679
-14070
17334
-1914
-6595
8374
-3508
9039
-14606
-4411
-19586
-10357
-1654
2556
2018
-9752
-14708
16415
10023
-1193
-7872
851
-4908
16053
-9960
-1978
4729
-14593
-8426
17934
8748
-16338
14050
-10725
-5323
17747
-5591
8306
13290
19168
-10778
-3652
-2693
-16006
11485
-19595
8290
4242
19731
-10143
11919
6172
16243
18751
15948
12989
6445
19781
7509
-5733
14160
15803
-16551
1582
2297
-11024
3705
-11306
14866
12592
1488
8325
-11600
-4748
-5962
-12988
1030
16277
12618
8330
3453
2206
-13442
-7646
9590
17428
-15709
12834
14377
-15270
9776
-12597
-1454
-6789
-13198
13377
-14289
12442
-1600
18613
3363
2280
-5915
10686
19102
16048
12389
17421
-18423
-17394
-4957
942
-6251
-17280
5901
-5731
14003
-14296
-16431
13758
15422
10000
-11687
2030
-7489
9655
-1372
3487
18327
19223
14940
-17795
11611
-11299
-19262
11812
-19918
15672
6182
12752
-6636
-7586
-15436
6114
-5402
-619
11854
-15986
5852
-14099
282
8297
4704
18080
-12507
6330
-16279
2411
-2559
11297
17542
10946
1081
-13858
-6345
-9999
4225
19264
-13492
-1801
8216
10556
13305
8278
-10972
11492
10427
11066
-7468
-12965
-10935
1758
2751
8103
-7279
-9352
15998
-15728
12444
15830
6740
-9746
-13534
16743
17574
-8444
16105
10228
17653
11441
-10572
-2535
-5412
-18480
-19884
13575
18483
-661
13499
-18674
-7766
-7918
14569
-17181
6332
17751
13890
-4223
11574
-6531
-11130
-14820
-9208
-15246
12770
-6790
-4333
-18915
-14905
7610
15995
-6542
1784
9112
10776
14574
-10051
1555
6591
7204
-7246
-4354
-5428
-8759
18803
-19080
-8505
13433
-19622
-2801
-9416
-19586
9308
-13703
4710
-9939
7219
3848
11169
17034
-10306
-5185
-9052
200
14490
10521
-4450
6500
-18588
-10909
17345
7373
-5310
5313
7819
19263
-3759
13288
-4105
-19422
-6344
5354
-16193
2541
10208
-10234
7622
4016
-3472
-12563
-17998
8910
16667
4369
8837
16944
-14908
-11399
-8455
-19388
16291
19611
7921
-1532
-14255
6206
8849
17506
-14848
-2321
-13294
-16118
-8310
-19352
12324
-15154
5932
-2692
-19216
7402
6306
-2687
5894
-13149
14372
1449
4184
-5671
-11989
14250
14502
16721
-18331
-14903
915
-1591
-10478
-8798
16754
4899
17168
-18055
-3817
16808
9843
7806
-7198
-6657
1015
5302
-10590
-9369
-8160
10838
10051
15080
11380
-2486
-18460
14648
9458
8097
10873
13858
-11247
-12023
5162
-5399
18778
-4827
4046
-6849
-12155
-13864
-2535
11150
134
-5313
-6658
-19024
18565
5235
1512
4546
7924
-17876
17846
-18681
7486
3546
8343
16254
-14456
-2388
16705
-1117
-14207
-16479
17494
-13222
-9898
-14770
15829
3672
-14437
-9748
-4507
12197
14553
16636
6591
1522
-15426
319
-3148
16118
-1961
12686
-6985
2380
-12677
4462
3034
-18635
-2728
14152
-8343
-16144
13742
8358
-9677
15510
1045
6846
9576
7116
8790
-1558
18064
-17063
-19489
-4432
8667
-17170
-3033
-14560
-694
14194
-7169
-18980
4996
2726
-13888
-18729
18980
-8329
2995
-7619
154
16114
-5114
1932
-608
7071
-12749
8510
10617
3209
8613
-3174
1771
-2949
8402
746
-19224
-10139
-17697
-16537
-12709
5449
9435
18991
-1411
15624
14912
-3933
19749
-1319
-14828
1971
-14381
-11477
12902
-4045
9238
7484
-10093
9359
10407
-3991
-6220
10263
13318
11543
1605
1436
-17120
-4930
3690
7977
-10937
-466
15718
14944
-12231
-15630
6510
-18087
-10860
-12248
9222
965
9791
-1116
-10105
-8353
557
14403
16217
-15461
-4519
5881
-8784
-1057
-2206
18776
-5108
-13649
-9499
-7750
-16917
-9781
8286
-9142
-1757
10444
-6457
15241
-2453
9762
8270
18825
-8323
16396
-10450
7237
1742
-15247
-432
5999
10548
4746
2027
-15468
-17473
17698
6265
19457
14848
16852
-17202
-13993
1374
13474
1997
-16621
-3689
-10132
-13660
-19347
-5387
-17390
-12011
12597
3773
6113
15397
10723
-17949
-19037
14387
6397
-703
5460
-11341
-9146
-10731
-6959
11456
7096
4028
-13425
19248
5546
-2799
2922
1773
19563
17873
3467
14419
15677
-4932
17940
-971
-16519
19860
14334
-19530
9649
15577
8388
9874
1153
15211
-14965
-1248
3496
9262
8378
-13340
-9662
-847
16042
12126
16909
11097
4731
14316
-9158
-3051
8561
11665
18828
12325
-5128
18791
17393
10941
18721
13492
-4476
12234
-19047
3527
-8671
-7252
7598
18951
-12580
-13986
-3184
-10977
-405
14159
17527
7338
-6025
-16301
15329
6442
6302
5203
-6735
-11898
18661
8451
8414
2044
3777
14834
544
-6547
19698
15881
-12318
-8091
1247
10605
-15020
-10303
-1470
-9082
-4912
903
7389
11189
-2439
1662
15095
3854
-3571
2282
-4868
16982
13363
2869
15418
-8117
-3816
-13315
18675
-16263
12839
-16340
11063
-2600
-3598
-8884
-9272
-6777
-5473
18688
-9522
-16517
2280
-19308
-17508
-15197
9668
-17975
-723
6180
16639
12076
4930
-47
11992
-7145
-1005
7843
-14425
-14440
15501
15626
-16168
-10770
17070
-19320
-6680
-6595
19375
14006
6961
-10247
19443
-6251
-13953
17673
-13339
1459
-11159
-16003
18463
4142
17777
7310
-11611
8115
-5100
16267
-7736
-3268
-8143
-17002
2714
3744
-2904
-18190
-3752
9257
-3135
-3594
-17000
8886
2541
-14082
17727
6520
15638
-5442
-4598
13097
-7557
-5565
15217
-12017
1274
-18478
-7025
-12151
10706
6130
-2821
-7133
-5186
-9463
-13038
-16963
-18389
6459
11787
13902
-13779
14049
-986
16491
563
16738
-7362
-16627
19564
-12148
14996
-15925
-18818
-14012
4362
-5321
-13572
14808
3678
6086
5209
13394
-13087
18774
-4605
-1595
3306
5222
-18942
15142
-13513
19106
4895
-18875
-5281
-10013
-9403
-19231
14634
-16339
-691
6002
-12306
-16380
11212
9318
3564
-15930
9282
-3036
-14972
-1648
8707
-1127
-16735
14588
1496
19050
-4910
-19356
11815
-3464
-11772
1864
-2065
2121
4570
-19499
10794
-5359
-13839
-6026
-9915
-2401
3690
-10353
-5817
-16608
6481
1567
-4478
-18848
17883
14365
-15653
9575
-10612
-8836
-11370
-3058
2301
18708
-16792
16661
-3240
18616
12102
-13916
-16630
-19475
6525
9539
2185
-19656
3801
-9565
14589
12310
-12881
-5155
15902
-18975
14452
17762
8745
-4684
9324
10760
-9740
-2239
-489
-5823
14484
16926
-16489
13262
-10878
6589
18403
13132
1064
16880
-3441
17721
-7597
-7223
-11007
-14867
-16273
-133
19480
-5718
16902
7387
2002
-6796
11898
11714
2278
-1139
-9859
-8669
19905
11860
-11552
2662
2342
18616
17777
-2762
-6311
-3437
16264
-11181
17776
-12828
-11027
-3909
-6041
2924
11051
-12733
-15852
-15390
19528
-11072
-2647
14702
18731
638
11630
15426
-18455
-14395
-6512
-13551
-19809
-14833
3031
-13053
2265
-7509
-3385
11086
-11133
7560
5571
-1960
-18455
13930
5563
-13908
-7997
12515
1890
4560
-16210
4979
-8211
-19817
3093
-2412
9525
5681
15243
-6046
-14882
-13179
14567
-1045
-14716
-4455
16550
5034
16686
16083
13496
15250
-16638
11591
3368
-19458
2047
14146
-17971
5304
15545
-3619
-9595
-5579
-12959
17873
-4850
-2453
11724
-6232
-10054
-3683
-4674
-6093
-72
-13357
-17582
10054
-2423
-8355
-6072
11588
1088
-19137
5125
8870
-8591
14322
9925
13678
-11679
-1531
-446
-13920
-12234
16407
-5568
-6289
-1681
-12880
9275
-769
-17147
-18154
5437
1978
-7979
-16444
2152
8048
-1754
-15991
6753
-3849
-1085
345
17890
-14487
19935
-18447
-18574
-2082
19656
9226
3999
7300
-1447
5638
-17649
-17171
16851
11737
14341
8945
3366
12955
-10999
-17058
-17180
17165
-5163
2400
9122
-1927
-8223
14208
-8242
8300
-2606
-5869
-14006
-3821
1820
1348
6547
9613
-14860
-12398
-18444
2361
8868
-8067
15640
-14142
16076
9651
-12901
-8985
-7684
-2174
14180
3694
-806
-6458
-19027
-10311
-19816
-10625
10240
4787
10087
-7550
18566
-13280
-14763
-283
-16591
16786
-11059
2144
-15036
16142
18766
12241
9986
17236
-18199
-13228
-7874
-12909
-16013
-12811
-4695
5294
-17566
-16383
-19724
-1369
-2667
-6132
3600
18373
-9754
-16518
-2441
-15556
-3943
11345
19381
-6005
10818
13541
-9912
-14225
12260
9713
-15515
-10685
19951
19469
-11595
-2230
10695
19653
16940
-15262
10474
7542
454
19546
-8377
14841
-17691
-1607
-16021
-10060
-16549
11789
-4988
-15701
8636
-3200
-418
-4905
-1374
4631
15001
18023
8748
7245
11578
6923
-16266
-10441
3530
16511
8165
13608
15184
-13398
-17232
-6547
-3332
14189
18533
2116
-4571
-4102
-5649
5805
10108
-5380
5488
-7472
-14521
-17911
-17145
8146
12484
10997
-12634
-11730
13781
-18396
13943
-10414
9774
1286
-7105
16244
16968
6041
-18022
-19102
-19720
-15739
19568
1587
-18836
-1875
4045
13655
4621
-5807
12253
-18566
-13021
-14919
-8748
-4763
8242
17796
4886
-12721
15942
7381
-2614
16562
-6591
6877
9951
18873
771
-14667
-12210
-16425
-17392
-5523
-1824
1028
-6380
-13110
-16776
-10973
-18999
-19933
9247
18700
16835
18555
-15894
-2546
12290
9674
604
1374
7995
-2127
1087
-17544
3844
4397
-12182
-4416
2224
1868
-6167
15841
10803
14167
-18014
-19619
-13128
-4682
-10080
12899
11583
-5265
15301
-4889
11371
4947
-1951
19365
-9679
5512
-18037
10058
-18389
-15969
-7384
-15316
-5196
-12921
-5185
4469
17245
-8314
18147
621
-19449
1472
9618
-4375
-9912
15108
1027
-7713
-13201
7934
-3669
-3391
18750
-16769
16512
3423
-10356
7429
-13487
-5664
-3587
-16699
13813
13608
14829
9340
-17725
-10375
9771
3207
-17427
8942
9994
-19324
-6770
-17528
-10588
13575
14563
-1352
8977
15064
-7388
4246
2460
-1684
14719
-17511
-15942
13347
12543
8877
-12363
-12884
-16201
10554
14618
-15393
-7646
-7617
-6292
-1086
1517
742
19806
-19875
-10811
1726
17823
-3872
12060
-12841
5054
-902
-8169
9310
10775
-10
-14639
-841
1427
-2451
-4135
-15907
17494
-1358
17929
-9017
9878
10263
2803
8428
10149
-7931
7168
-14400
-845
-18529
-1406
18209
-9813
-13197
692
-12886
4816
12605
3123
10480
-13693
-18441
18305
-13614
5975
478
1471
15737
19073
-1349
-4858
19930
16503
-19694
12513
-5995
2015
17581
1462
15509
-5216
-1614
7417
2713
16977
13620
-5787
-2840
-3391
-16778
15405
-13653
-6124
17085
3425
9215
-416
-9346
-3755
9940
-12790
559
-11828
-6782
-16229
16904
-11300
12494
17815
6788
-13307
-19118
-2931
11118
-3634
-6854
-15609
-17801
1472
-3130
6634
-2662
19408
-4041
2364
-10662
-6628
9450
965
-15337
4518
11503
-9293
-9604
6189
-1715
-6576
9929
8054
-18931
358
10782
12224
-2745
-11791
14292
12223
12977
10126
12265
2956
10857
-11903
2824
13936
8165
-11197
17489
8791
-19143
6297
17745
13413
9500
1048
12997
3633
-671
9416
-12716
-10026
-10424
2123
-10516
-16929
12753
-11195
13431
1658
-12283
10209
-15458
15526
-278
10323
11996
18493
13874
7228
5829
8777
12977
-6023
-1746
-2073
-9264
7376
16210
2712
-6494
-12851
-10195
-6360
-211
-18079
-14738
15933
-19635
-4014
14525
-19263
-10006
-5569
10604
-1053
11194
16645
13844
7431
5694
4510
8882
6211
-4855
5791
8702
-5645
12238
11024
4083
-7419
-13369
8412
12151
13629
6591
-7034
9221
-2215
9030
7399
-3633
16752
5112
17815
3037
-348
-8845
-7598
11837
700
4864
-12024
16034
910
-8118
18272
17330
-10489
13584
-2917
-15117
-9537
3895
-9162
-3743
6476
-12571
19255
19466
-439
15720
-11543
-16538
-8538
-13802
-12354
5755
-2143
7051
6575
-17199
1885
-18347
-11857
-13842
-15467
13757
-4712
-873
18036
7557
-19757
19103
-9175
7
-15468
10118
-3302
5184
13625
11410
-4676
-13889
-16956
-2959
12915
5730
5111
-1602
5580
12734
-4660
-13495
13319
11721
-11942
-3002
11975
18412
6293
-6005
3723
1142
-10720
14360
-6254
5488
-13202
-11835
-7387
-18399
-1212
14887
-8423
9884
3950
19277
-1523
14708
-11773
18660
-17539
-2074
-7209
9133
13003
-18940
-8604
168
-10725
-13790
7560
-13985
19453
13857
-15634
-12241
18040
5180
-9193
-10938
-6684
-16492
-19478
-10015
17515
-4913
-14443
-4629
6486
16349
-18632
8237
-18332
3675
-2606
-2533
8495
16111
19813
-11783
7636
-15781
6730
-13755
-16688
19985
295
-12857
2708
-11946
1884
6398
-452
7540
9223
-13671
18041
-15232
2040
7056
-17112
4726
-11653
228
10263
-18918
2014
19713
16675
-6637
-4944
14912
-4077
-2505
6069
16397
-2109
-5752
5336
-16827
-15374
-1599
-8143
-12936
-18550
2917
4183
-16637
2819
-15781
1243
2567
2768
9431
353
1299
6778
14200
-11328
12871
-1905
-6687
-16551
8823
-14669
-233
1218
-16294
-12368
-10469
228
5907
-12349
16821
-665
-19625
449
-3119
-13434
-3860
-14300
225
9830
10901
-3310
19592
-3210
-19195
-10423
-10028
-9759
3090
-17935
-16393
19264
14139
3142
-8064
10762
-13045
-19359
-3809
10505
15395
-6995
18501
5538
-7265
17149
-2294
548
16414
19478
-13718
-4460
-1682
-671
-12228
-18201
5927
-6339
4196
19709
4500
-2968
-1836
-759
-12563
10858
9176
1428
10057
-18480
-17818
-580
8855
-17787
11677
-2049
-18562
12082
4879
6498
-17588
-16426
10431
-15454
-5046
-8167
3655
2944
-14200
-10030
-5406
-8825
18857
13292
-5526
-5914
-9018
17572
3885
-1362
15198
-15422
9815
12096
-9399
18462
-12807
-938
-4774
-16382
-18638
18321
-2361
-9172
-778
-44
11204
-15343
1395
773
12363
-2641
5422
17936
17512
13605
-9180
8115
-7807
6401
-3589
-3124
2380
9999
-16597
-12221
10693
7215
-18750
2561
-15176
-833
-7523
8530
-16864
-17357
-3119
8611
-14152
-616
4677
-12510
-3679
6317
-3493
5753
-5920
-7795
2674
13034
-16648
-16882
-6574
-11323
-6224
2804
7965
12019
-12706
673
-17792
2438
3677
1316
-13203
-11027
11165
14278
2284
-13765
18427
52
-5968
9797
-5151
-15342
-13558
-6287
2475
-8177
-6993
-12564
4888
-2511
6908
-16127
-1133
5899
7305
-17169
16645
7736
-4757
13081
-12483
9826
13162
11133
-15398
-6824
14714
-961
11296
-5426
-12601
-10723
12017
-13206
-4528
-19815
-4804
19797
4924
18158
6300
19009
-10101
15236
-14719
-12041
-7324
-3833
-8812
10639
17591
16725
6784
12963
-8436
-1202
-8609
-4424
-11436
6133
4688
-8042
-12834
6773
-1374
16525
16699
-2658
13231
12267
9590
-6986
10034
6947
7525
-14677
-5145
-1932
10740
9229
9020
8842
-45
4561
-3366
14764
5045
18915
16341
12161
1643
11922
-7517
-6127
-7583
6476
18453
-8554
17427
-13715
-19550
8467
-18482
5273
4668
-5096
16885
15103
-3033
-4428
7511
-8668
-11150
-14274
-10530
-11120
4446
-995
19436
-11229
9536
-19737
-18615
-18145
18608
-1761
6627
-28
-11348
-9151
-6691
18612
993
-14584
17278
6175
-2907
-15531
-5169
15420
13243
-18757
-10948
14709
14780
-13376
300
-9269
19999
-10508
-2432
3000
-12525
-6492
16848
12306
-11143
-17581
-19850
2618
19997
4196
-4757
-3626
8102
-17460
1408
-14180
5271
-9759
10962
12900
-3959
4556
2226
-6553
11898
-18179
18492
5843
-18406
3601
4400
-4803
17856
-11718
6147
-3660
1501
1096
12753
-19460
11247
10713
-14332
9198
-2807
8013
-6877
-6773
9692
-15734
19685
-9837
12611
-8382
12817
-19899
8132
11871
-5031
18997
1130
-12793
7778
-6940
19248
7761
-2673
19051
-1934
6925
11766
11876
-13393
13293
-15672
-15328
-18910
4201
1918
13869
8023
-12278
2681
-10441
19356
-1174
6084
-6439
-4684
1130
13293
-16031
-15629
-6924
7792
-6475
-18675
9955
-14508
2812
6212
2036
19040
2346
3311
3104
15809
-18904
18354
12026
-1304
-15950
16455
6064
15513
11780
10400
11501
-12933
-9306
-657
15017
-7269
6869
12281
-4049
12734
-3349
-15505
-6234
-386
-7193
18926
-4385
-13825
17030
14152
-18871
-3733
29
7344
-9352
1196
18250
-17473
-8705
-16344
-18885
17410
-11923
-6550
16548
-9849
2402
7672
9608
4480
-8445
-7885
18969
-7962
18988
5784
17107
19306
213
-19558
9850
-13945
-18767
-4847
-12273
12914
12751
7381
12258
16898
1515
-4950
14070
9632
-1094
-14464
-17720
-14381
-8652
5339
15754
2636
1233
-10015
-12935
4165
-399
16844
15360
16156
4072
-14636
-12499
-5480
-8297
17753
-7261
19210
-15247
-11922
-171
-1950
11643
2660
-19627
-14737
-14243
10700
-2565
-7119
3086
-889
-9058
16124
2106
-14168
4219
15849
-7465
10555
4125
16683
-4537
1796
18547
5146
15758
6258
-9282
10166
-9949
19000
9928
-3759
-6200
8671
5559
12931
-13207
14206
-13738
14317
6451
-6527
-15970
-2839
14146
8273
14938
-10795
-5038
16595
-18558
12492
-7773
-9447
18483
15502
-18582
-1089
-19165
-9630
8818
15436
576
18741
-12562
-11294
9255
4660
-1571
3832
-18929
12377
6710
14644
-4874
17732
-1203
17037
16897
7140
14593
18642
-15341
-2010
-8275
2547
779
-7091
-8982
9255
-7814
-18890
-11832
-6964
-16097
-5694
6897
-13291
14854
-12299
-9873
4509
2043
11391
7902
3508
-11710
-11727
15560
16694
16400
6213
-18737
16850
14969
-1138
16850
14811
14798
-661
-17420
-10908
6680
6665
17661
-13299
14629
-18631
-5906
-10875
-19531
15810
11723
5365
-15502
-14886
-18234
-7411
6630
7073
-768
-4103
-18259
-3726
19005
6134
-10293
16829
-2833
17415
-7046
6153
262
6391
9401
-2552
-6270
-13874
-14466
2077
-5584
8395
6477
17148
-10425
-8108
-17033
-15215
-5893
11469
-7722
6832
18853
1611
16864
14245
-5690
19483
5521
-12871
-14707
-4333
17321
19401
64
-10686
-12092
10039
-1559
14813
15062
3220
2244
-10210
19455
14300
-15464
7133
1710
-5787
6624
-3295
12901
-4799
-3454
-4339
-2816
-14184
14603
1534
5579
-996
-12170
-853
6462
8648
11549
-16289
-7510
11084
-1836
18506
14261
5655
1524
4818
7473
3754
9068
-2623
19517
-12955
-6627
469
-6708
2859
-18470
7120
1629
2311
-33
-14843
-16035
11506
-19901
4640
7308
-16710
-7650
-12983
-7866
-11918
10981
-7792
-553
12568
16554
5416
8969
-1755
-8697
6528
720
-19807
-15173
14618
-15587
6548
13084
-5814
18857
7308
87
-19804
-16955
-1556
-131
13560
-1976
13911
3064
-19184
-18743
-7372
714
-17009
10585
5043
9734
4465
-13286
11983
-13881
1165
-5143
-11161
-11292
2970
14419
-14036
-1738
-4469
8366
-3387
17562
7563
-6668
2478
-12036
976
13795
-8227
-6697
3377
-5668
-1278
-19511
18307
-8277
-17979
-10850
16204
1161
10583
-3557
-5035
-10843
9955
-8502
13962
-3539
-1360
16894
13448
4447
9719
-11390
6743
-19265
6540
-12710
-10699
13447
-5602
3842
6548
16434
-16713
-4722
17240
8529
3404
-8750
-15294
-10437
13619
3985
9389
2532
5954
-12131
13862
-3807
17676
17555
-439
-6017
18066
475
-15203
4423
-7413
-8910
9697
-11413
-11360
8972
13656
-5689
-16225
1313
-15234
5785
-5655
-12570
1356
-6344
-1031
5652
-16320
-1513
-16808
5766
-18216
6792
2778
-1396
603
-17062
-14795
13933
-8708
1560
13290
1403
5059
-18551
19532
-18887
2519
-6618
17362
1431
19751
-1809
-421
17555
-11146
2960
-18061
589
15652
14077
16909
8866
19577
-17691
-3314
10434
16718
12441
-2727
338
3303
-12136
3647
19868
19703
14394
-18284
-7309
14034
-8604
-19513
-10160
17345
-9735
3311
15144
-16349
-11188
-284
17516
6936
-16683
4497
4573
15188
-11409
-18919
13988
-15221
13018
11295
16100
-8668
-17335
13612
-17311
19174
16880
8180
18513
6226
9825
-6598
-6099
-19839
11636
-3286
-15906
-6985
-1058
9649
15132
-17787
8512
-10327
7136
-2590
-15529
-89
5278
598
16198
-14427
5332
-4992
-462
-15896
1496
6250
53
13255
-5369
2081
18129
-4202
-1753
-14644
-15776
-9924
-13670
-2883
-11776
-19917
-3
-11136
-12884
18582
11248
17453
-12670
11377
-12837
-17767
4406
-16272
-2709
-10921
-5862
-19558
6268
-17941
10096
-4717
-10021
2387
4088
5312
-5054
-18042
-919
9631
5167
-12745
17779
-10799
6718
8162
943
3171
4167
4860
1521
-10628
-12072
16289
-2249
-16591
-1778
-3792
11250
-8813
-8469
3232
19339
18438
-19859
-6660
-34
9913
-11577
-16324
-8425
-17534
-14991
-15307
19836
246
-19327
-9496
136
-1479
-13696
-18494
18144
-13882
-18477
-10032
10643
5069
-219
2369
7840
16208
-2109
-6152
7376
-4393
3690
18018
106
9991
-9739
17039
-1041
-3574
16569
6138
5811
-2255
1480
-18827
237
10163
-13216
14591
8407
-17314
2723
-11921
-5898
-19566
16811
1477
13347
617
13980
1749
-17342
17278
-9353
743
9775
8266
-4709
-19894
7743
-3894
-1015
-3073
7138
19752
6322
8844
-8443
5569
2199
-4942
8724
19200
-4867
-14591
19853
7662
-16853
-4957
-7294
-5769
-3021
-14048
1112
9978
19953
648
6744
-2072
-17196
8871
-18557
-15468
-9202
-11070
-1043
14676
-12702
-11676
-13206
10969
8152
-17392
13987
13578
-3338
-15138
-18658
4965
12862
5717
9352
-19324
15913
10375
-591
-12834
-18599
16068
8336
17599
18435
-14168
19553
-19386
-10536
-19740
18686
8771
-9706
9285
16785
14464
-12878
9055
8283
18325
9797
-8219
5023
-3727
7591
7159
-4976
18994
3536
-16092
-9194
19189
-8736
-2489
-12223
-2673
6431
3813
9892
-10490
-15328
-16971
-12286
-7010
-8400
-1080
-6721
-3935
-12731
-7353
-14622
-7034
-15944
-19195
-4510
-3819
17923
-18206
11852
-12366
-9355
12108
-16043
7443
7691
-18034
-10845
5403
9982
-3841
19474
-15687
8925
-7218
4775
-18055
-10456
1453
-12524
-3011
-9499
17990
-7241
13119
-9475
7412
14903
17044
11338
17434
4283
10898
2950
-10617
3910
-1155
-320
12059
-2096
16616
269
18113
-5903
-234
-11661
-5963
-379
-19490
17249
-6452
-13959
12576
-19676
9243
5918
5054
-19792
15141
-17553
11303
-8468
-14440
9032
-12359
16985
-3296
-12385
-9901
7337
-7310
9046
-14385
13278
-278
9735
19054
-12400
18704
-8402
-8714
14654
-4794
-18907
12182
-1579
-18310
-10429
-17240
-11537
16089
-12550
-15097
1630
9536
5321
-18424
-7088
11334
8824
-8692
-17017
2194
543
-7056
17188
-18759
18818
13737
2512
-5042
-13118
-11228
9015
15154
2469
5577
4405
14262
-7411
12624
-16592
-11139
5879
-13941
16193
16789
6203
14459
-10465
3394
4424
1753
-2322
-8266
16592
-14754
-4135
458
6197
-6363
-15011
11069
-11017
-15916
-13968
17194
-1864
-2909
3194
-11650
16088
13487
-310
-13778
15210
4929
-187
-1584
9302
19959
-16221
-17238
-7594
19593
-19400
15638
-5683
2462
-552
4584
-13492
-14766
-8271
10152
-18595
-10927
7280
-17632
5864
-18749
-2022
-8045
18405
-8934
-1029
-16054
7739
18210
2241
935
-5250
14387
1487
1851
-13220
18793
-4031
7019
5144
-11099
7947
-7949
-324
-18251
-16646
14748
13441
-8299
1601
15288
16623
12681
-1126
-6209
-2442
19146
-6648
17407
19275
-867
5528
3720
4791
-5401
10426
-19531
11568
-13988
-2207
9479
19576
19707
863
-1982
-4703
17671
-769
-7469
792
-3541
-2482
13323
-6989
15678
-4613
3366
5209
-11728
-5173
-754
-1743
-2390
-10651
1797
-13338
-992
-884
14534
16674
4516
11160
6794
-3760
4123
18089
13609
13034
7000
6715
-9609
-18874
17879
